*Vertices 1368
1 4.0 58.0
2 54.0 16.0
3 34.0 36.0
4 82.0 4.0
5 36.0 48.0
6 52.0 20.0
7 60.0 42.0
8 50.0 6.0
9 8.0 14.0
10 46.0 14.0
11 60.0 40.0
12 52.0 50.0
13 70.0 36.0
14 86.0 0.0
15 4.0 56.0
16 74.0 48.0
17 40.0 4.0
18 14.0 16.0
19 76.0 12.0
20 60.0 38.0
21 72.0 28.0
22 4.0 26.0
23 74.0 22.0
24 86.0 66.0
25 74.0 46.0
26 68.0 8.0
27 4.0 54.0
28 24.0 10.0
29 60.0 18.0
30 14.0 2.0
31 70.0 34.0
32 52.0 52.0
33 54.0 2.0
34 36.0 46.0
35 22.0 8.0
36 4.0 60.0
37 20.0 12.0
38 2.0 24.0
39 36.0 22.0
40 60.0 44.0
41 66.0 4.0
42 60.0 20.0
43 34.0 0.0
44 72.0 54.0
45 62.0 16.0
46 74.0 24.0
47 6.0 64.0
48 10.0 14.0
49 4.0 28.0
50 72.0 26.0
51 78.0 14.0
52 52.0 42.0
53 58.0 6.0
54 52.0 40.0
55 36.0 24.0
56 2.0 22.0
57 38.0 14.0
58 72.0 60.0
59 70.0 0.0
60 32.0 4.0
61 12.0 16.0
62 60.0 50.0
63 2.0 46.0
64 86.0 36.0
65 0.0 4.0
66 70.0 66.0
67 52.0 38.0
68 28.0 10.0
69 52.0 18.0
70 12.0 2.0
71 60.0 52.0
72 2.0 48.0
73 84.0 8.0
74 72.0 58.0
75 18.0 8.0
76 6.0 30.0
77 72.0 56.0
78 62.0 2.0
79 34.0 66.0
80 16.0 12.0
81 52.0 44.0
82 6.0 62.0
83 2.0 38.0
84 34.0 6.0
85 12.0 14.0
86 6.0 58.0
87 74.0 50.0
88 50.0 36.0
89 38.0 16.0
90 52.0 48.0
91 58.0 0.0
92 2.0 18.0
93 36.0 20.0
94 78.0 16.0
95 36.0 50.0
96 74.0 20.0
97 6.0 56.0
98 72.0 30.0
99 10.0 16.0
100 56.0 4.0
101 72.0 62.0
102 70.0 6.0
103 62.0 14.0
104 2.0 44.0
105 60.0 24.0
106 6.0 54.0
107 78.0 2.0
108 10.0 2.0
109 16.0 10.0
110 44.0 18.0
111 36.0 52.0
112 2.0 42.0
113 6.0 26.0
114 72.0 64.0
115 52.0 22.0
116 28.0 12.0
117 58.0 66.0
118 2.0 40.0
119 38.0 2.0
120 52.0 46.0
121 74.0 52.0
122 30.0 8.0
123 6.0 60.0
124 4.0 64.0
125 74.0 40.0
126 14.0 14.0
127 6.0 28.0
128 36.0 42.0
129 60.0 48.0
130 2.0 52.0
131 50.0 0.0
132 58.0 36.0
133 46.0 16.0
134 8.0 16.0
135 48.0 4.0
136 44.0 50.0
137 36.0 40.0
138 52.0 24.0
139 86.0 6.0
140 54.0 14.0
141 74.0 42.0
142 8.0 2.0
143 20.0 10.0
144 2.0 20.0
145 36.0 18.0
146 44.0 52.0
147 74.0 44.0
148 36.0 38.0
149 60.0 22.0
150 24.0 12.0
151 50.0 66.0
152 36.0 44.0
153 74.0 38.0
154 4.0 62.0
155 4.0 30.0
156 26.0 8.0
157 74.0 18.0
158 76.0 10.0
159 46.0 2.0
160 60.0 46.0
161 2.0 50.0
162 52.0 62.0
163 30.0 6.0
164 6.0 44.0
165 18.0 0.0
166 22.0 36.0
167 52.0 30.0
168 28.0 16.0
169 80.0 4.0
170 2.0 56.0
171 68.0 36.0
172 44.0 54.0
173 2.0 58.0
174 84.0 0.0
175 6.0 18.0
176 72.0 48.0
177 6.0 38.0
178 16.0 14.0
179 72.0 46.0
180 70.0 8.0
181 62.0 10.0
182 2.0 60.0
183 68.0 34.0
184 78.0 12.0
185 74.0 28.0
186 6.0 40.0
187 10.0 12.0
188 4.0 24.0
189 72.0 22.0
190 84.0 66.0
191 6.0 42.0
192 18.0 66.0
193 38.0 12.0
194 52.0 64.0
195 36.0 28.0
196 2.0 26.0
197 2.0 54.0
198 34.0 8.0
199 22.0 34.0
200 28.0 2.0
201 12.0 10.0
202 4.0 22.0
203 72.0 24.0
204 26.0 6.0
205 74.0 26.0
206 76.0 14.0
207 60.0 62.0
208 18.0 36.0
209 24.0 16.0
210 60.0 30.0
211 64.0 4.0
212 36.0 60.0
213 74.0 54.0
214 22.0 0.0
215 4.0 46.0
216 74.0 60.0
217 68.0 0.0
218 6.0 52.0
219 84.0 36.0
220 36.0 54.0
221 36.0 26.0
222 2.0 28.0
223 20.0 14.0
224 36.0 56.0
225 6.0 50.0
226 86.0 8.0
227 54.0 10.0
228 74.0 58.0
229 8.0 12.0
230 68.0 66.0
231 60.0 64.0
232 22.0 66.0
233 46.0 12.0
234 4.0 48.0
235 74.0 56.0
236 24.0 2.0
237 6.0 20.0
238 14.0 10.0
239 36.0 58.0
240 18.0 34.0
241 26.0 0.0
242 72.0 50.0
243 30.0 36.0
244 36.0 30.0
245 20.0 16.0
246 60.0 60.0
247 36.0 62.0
248 22.0 6.0
249 4.0 44.0
250 74.0 62.0
251 68.0 6.0
252 4.0 38.0
253 60.0 26.0
254 24.0 14.0
255 76.0 16.0
256 60.0 54.0
257 4.0 18.0
258 72.0 20.0
259 74.0 30.0
260 4.0 40.0
261 74.0 64.0
262 6.0 24.0
263 14.0 12.0
264 76.0 2.0
265 46.0 10.0
266 60.0 56.0
267 60.0 58.0
268 50.0 8.0
269 72.0 52.0
270 8.0 10.0
271 20.0 2.0
272 4.0 42.0
273 54.0 12.0
274 26.0 66.0
275 36.0 64.0
276 52.0 28.0
277 26.0 36.0
278 16.0 16.0
279 52.0 60.0
280 30.0 0.0
281 6.0 46.0
282 18.0 6.0
283 6.0 22.0
284 72.0 40.0
285 28.0 14.0
286 52.0 26.0
287 2.0 64.0
288 84.0 6.0
289 72.0 42.0
290 4.0 52.0
291 52.0 54.0
292 72.0 44.0
293 12.0 12.0
294 2.0 62.0
295 52.0 56.0
296 2.0 30.0
297 4.0 50.0
298 38.0 10.0
299 6.0 48.0
300 10.0 10.0
301 4.0 20.0
302 72.0 18.0
303 16.0 2.0
304 78.0 10.0
305 52.0 58.0
306 58.0 8.0
307 60.0 28.0
308 72.0 38.0
309 62.0 12.0
310 30.0 66.0
311 44.0 14.0
312 16.0 26.0
313 62.0 40.0
314 12.0 42.0
315 46.0 24.0
316 66.0 36.0
317 54.0 50.0
318 10.0 48.0
319 6.0 10.0
320 14.0 20.0
321 82.0 0.0
322 16.0 54.0
323 78.0 48.0
324 16.0 60.0
325 52.0 16.0
326 28.0 30.0
327 32.0 36.0
328 86.0 4.0
329 38.0 48.0
330 14.0 50.0
331 40.0 0.0
332 54.0 20.0
333 0.0 36.0
334 62.0 42.0
335 12.0 40.0
336 48.0 6.0
337 8.0 24.0
338 28.0 62.0
339 12.0 18.0
340 52.0 2.0
341 38.0 46.0
342 14.0 52.0
343 16.0 58.0
344 2.0 14.0
345 20.0 28.0
346 28.0 64.0
347 38.0 22.0
348 40.0 66.0
349 62.0 44.0
350 12.0 38.0
351 72.0 12.0
352 10.0 22.0
353 62.0 38.0
354 12.0 44.0
355 76.0 28.0
356 82.0 66.0
357 78.0 22.0
358 78.0 46.0
359 64.0 8.0
360 16.0 56.0
361 62.0 18.0
362 54.0 52.0
363 10.0 46.0
364 66.0 34.0
365 54.0 40.0
366 14.0 42.0
367 38.0 24.0
368 20.0 26.0
369 36.0 14.0
370 76.0 60.0
371 66.0 0.0
372 20.0 54.0
373 34.0 4.0
374 82.0 36.0
375 62.0 50.0
376 8.0 48.0
377 12.0 20.0
378 46.0 48.0
379 70.0 4.0
380 12.0 50.0
381 32.0 0.0
382 62.0 20.0
383 76.0 54.0
384 20.0 60.0
385 0.0 0.0
386 60.0 16.0
387 24.0 30.0
388 40.0 36.0
389 24.0 62.0
390 78.0 24.0
391 76.0 26.0
392 54.0 42.0
393 14.0 40.0
394 74.0 14.0
395 56.0 6.0
396 4.0 12.0
397 10.0 24.0
398 76.0 56.0
399 20.0 58.0
400 14.0 18.0
401 60.0 2.0
402 46.0 46.0
403 12.0 52.0
404 46.0 22.0
405 32.0 66.0
406 54.0 44.0
407 14.0 38.0
408 16.0 28.0
409 0.0 66.0
410 24.0 64.0
411 66.0 66.0
412 8.0 22.0
413 54.0 38.0
414 14.0 44.0
415 54.0 18.0
416 62.0 52.0
417 8.0 46.0
418 80.0 8.0
419 76.0 58.0
420 20.0 56.0
421 38.0 50.0
422 14.0 48.0
423 74.0 16.0
424 4.0 10.0
425 10.0 20.0
426 24.0 54.0
427 78.0 20.0
428 58.0 4.0
429 76.0 30.0
430 76.0 62.0
431 66.0 6.0
432 60.0 14.0
433 24.0 26.0
434 46.0 40.0
435 8.0 42.0
436 62.0 24.0
437 46.0 42.0
438 8.0 40.0
439 12.0 24.0
440 32.0 6.0
441 20.0 62.0
442 0.0 6.0
443 24.0 60.0
444 48.0 36.0
445 20.0 30.0
446 36.0 16.0
447 78.0 50.0
448 54.0 48.0
449 10.0 50.0
450 38.0 20.0
451 56.0 0.0
452 28.0 28.0
453 20.0 64.0
454 56.0 66.0
455 54.0 22.0
456 46.0 44.0
457 8.0 38.0
458 36.0 2.0
459 8.0 18.0
460 54.0 46.0
461 10.0 52.0
462 78.0 52.0
463 24.0 58.0
464 24.0 56.0
465 74.0 2.0
466 46.0 18.0
467 14.0 46.0
468 38.0 52.0
469 14.0 22.0
470 46.0 38.0
471 8.0 44.0
472 76.0 64.0
473 28.0 54.0
474 50.0 4.0
475 46.0 50.0
476 12.0 48.0
477 2.0 2.0
478 8.0 20.0
479 10.0 42.0
480 38.0 40.0
481 54.0 24.0
482 82.0 6.0
483 78.0 42.0
484 52.0 14.0
485 28.0 26.0
486 16.0 62.0
487 78.0 40.0
488 10.0 40.0
489 38.0 42.0
490 14.0 24.0
491 6.0 12.0
492 40.0 6.0
493 62.0 48.0
494 8.0 50.0
495 46.0 20.0
496 48.0 0.0
497 28.0 60.0
498 56.0 36.0
499 16.0 30.0
500 44.0 16.0
501 48.0 66.0
502 62.0 22.0
503 10.0 38.0
504 38.0 44.0
505 78.0 38.0
506 24.0 28.0
507 16.0 64.0
508 28.0 58.0
509 78.0 18.0
510 72.0 10.0
511 10.0 18.0
512 62.0 46.0
513 8.0 52.0
514 38.0 18.0
515 46.0 52.0
516 12.0 46.0
517 20.0 32.0
518 2.0 16.0
519 28.0 56.0
520 78.0 44.0
521 12.0 22.0
522 10.0 44.0
523 38.0 38.0
524 64.0 36.0
525 14.0 30.0
526 18.0 4.0
527 46.0 54.0
528 8.0 60.0
529 80.0 0.0
530 76.0 48.0
531 28.0 50.0
532 16.0 24.0
533 24.0 40.0
534 46.0 26.0
535 14.0 62.0
536 8.0 26.0
537 54.0 62.0
538 24.0 42.0
539 28.0 20.0
540 20.0 48.0
541 84.0 4.0
542 54.0 30.0
543 46.0 60.0
544 8.0 54.0
545 24.0 44.0
546 20.0 22.0
547 36.0 12.0
548 54.0 64.0
549 38.0 28.0
550 46.0 58.0
551 8.0 56.0
552 32.0 8.0
553 20.0 46.0
554 0.0 8.0
555 76.0 46.0
556 28.0 52.0
557 66.0 8.0
558 60.0 10.0
559 24.0 18.0
560 46.0 56.0
561 8.0 58.0
562 14.0 64.0
563 74.0 12.0
564 4.0 14.0
565 10.0 28.0
566 24.0 38.0
567 78.0 28.0
568 80.0 66.0
569 76.0 22.0
570 78.0 60.0
571 64.0 0.0
572 24.0 50.0
573 80.0 36.0
574 12.0 30.0
575 22.0 4.0
576 10.0 60.0
577 38.0 54.0
578 38.0 26.0
579 12.0 62.0
580 20.0 24.0
581 2.0 12.0
582 28.0 40.0
583 76.0 24.0
584 28.0 42.0
585 78.0 26.0
586 72.0 14.0
587 10.0 26.0
588 62.0 62.0
589 68.0 4.0
590 62.0 30.0
591 10.0 54.0
592 38.0 60.0
593 78.0 54.0
594 6.0 2.0
595 24.0 20.0
596 16.0 48.0
597 62.0 64.0
598 46.0 28.0
599 28.0 44.0
600 16.0 22.0
601 16.0 46.0
602 78.0 56.0
603 10.0 56.0
604 38.0 58.0
605 6.0 16.0
606 40.0 8.0
607 10.0 58.0
608 38.0 56.0
609 24.0 52.0
610 82.0 8.0
611 78.0 58.0
612 52.0 10.0
613 28.0 18.0
614 28.0 38.0
615 64.0 66.0
616 12.0 64.0
617 8.0 28.0
618 78.0 62.0
619 64.0 6.0
620 24.0 24.0
621 16.0 40.0
622 62.0 26.0
623 10.0 62.0
624 26.0 4.0
625 72.0 16.0
626 10.0 30.0
627 62.0 54.0
628 12.0 60.0
629 76.0 20.0
630 20.0 50.0
631 78.0 30.0
632 20.0 20.0
633 2.0 10.0
634 76.0 50.0
635 28.0 48.0
636 38.0 30.0
637 62.0 60.0
638 12.0 54.0
639 12.0 26.0
640 38.0 62.0
641 16.0 42.0
642 62.0 58.0
643 12.0 56.0
644 48.0 8.0
645 76.0 52.0
646 28.0 46.0
647 16.0 44.0
648 52.0 12.0
649 28.0 22.0
650 38.0 64.0
651 54.0 28.0
652 10.0 64.0
653 14.0 28.0
654 6.0 14.0
655 16.0 38.0
656 78.0 64.0
657 20.0 52.0
658 16.0 18.0
659 72.0 2.0
660 62.0 56.0
661 12.0 58.0
662 54.0 26.0
663 8.0 62.0
664 80.0 6.0
665 28.0 24.0
666 76.0 42.0
667 20.0 40.0
668 16.0 50.0
669 30.0 4.0
670 8.0 30.0
671 54.0 54.0
672 14.0 60.0
673 46.0 30.0
674 54.0 60.0
675 14.0 54.0
676 16.0 20.0
677 4.0 2.0
678 24.0 48.0
679 76.0 40.0
680 20.0 42.0
681 14.0 26.0
682 46.0 62.0
683 24.0 46.0
684 76.0 18.0
685 54.0 58.0
686 14.0 56.0
687 74.0 10.0
688 56.0 8.0
689 4.0 16.0
690 46.0 64.0
691 62.0 28.0
692 76.0 38.0
693 20.0 44.0
694 60.0 12.0
695 24.0 22.0
696 76.0 44.0
697 20.0 38.0
698 8.0 64.0
699 12.0 28.0
700 54.0 56.0
701 14.0 58.0
702 16.0 52.0
703 20.0 18.0
704 36.0 10.0
705 56.0 38.0
706 68.0 12.0
707 8.0 66.0
708 66.0 22.0
709 64.0 28.0
710 80.0 58.0
711 66.0 46.0
712 76.0 8.0
713 48.0 52.0
714 26.0 10.0
715 56.0 18.0
716 32.0 46.0
717 50.0 2.0
718 80.0 56.0
719 0.0 46.0
720 2.0 4.0
721 20.0 8.0
722 0.0 22.0
723 56.0 44.0
724 46.0 66.0
725 32.0 22.0
726 22.0 12.0
727 50.0 16.0
728 38.0 36.0
729 80.0 54.0
730 0.0 48.0
731 48.0 20.0
732 46.0 0.0
733 32.0 48.0
734 54.0 6.0
735 86.0 14.0
736 56.0 42.0
737 80.0 26.0
738 82.0 24.0
739 42.0 14.0
740 14.0 6.0
741 40.0 24.0
742 56.0 40.0
743 8.0 0.0
744 48.0 50.0
745 78.0 36.0
746 66.0 48.0
747 10.0 36.0
748 80.0 60.0
749 82.0 22.0
750 78.0 66.0
751 80.0 28.0
752 48.0 38.0
753 84.0 12.0
754 10.0 66.0
755 56.0 52.0
756 30.0 10.0
757 48.0 18.0
758 64.0 58.0
759 82.0 46.0
760 64.0 56.0
761 16.0 8.0
762 40.0 46.0
763 58.0 2.0
764 48.0 44.0
765 38.0 66.0
766 40.0 22.0
767 18.0 12.0
768 56.0 20.0
769 38.0 0.0
770 74.0 4.0
771 40.0 48.0
772 46.0 36.0
773 58.0 16.0
774 64.0 54.0
775 64.0 26.0
776 66.0 24.0
777 62.0 6.0
778 70.0 14.0
779 48.0 42.0
780 12.0 6.0
781 32.0 24.0
782 48.0 40.0
783 34.0 14.0
784 0.0 24.0
785 82.0 48.0
786 36.0 4.0
787 8.0 36.0
788 64.0 60.0
789 78.0 0.0
790 10.0 0.0
791 56.0 50.0
792 70.0 2.0
793 0.0 52.0
794 32.0 52.0
795 18.0 10.0
796 40.0 18.0
797 40.0 38.0
798 12.0 66.0
799 64.0 64.0
800 82.0 44.0
801 82.0 38.0
802 40.0 44.0
803 48.0 22.0
804 30.0 12.0
805 62.0 66.0
806 48.0 46.0
807 84.0 10.0
808 34.0 2.0
809 82.0 18.0
810 66.0 52.0
811 28.0 8.0
812 38.0 6.0
813 40.0 42.0
814 82.0 40.0
815 66.0 50.0
816 54.0 36.0
817 0.0 20.0
818 34.0 16.0
819 62.0 0.0
820 32.0 20.0
821 48.0 48.0
822 12.0 0.0
823 70.0 16.0
824 32.0 50.0
825 14.0 36.0
826 64.0 30.0
827 60.0 4.0
828 66.0 20.0
829 0.0 50.0
830 58.0 14.0
831 82.0 42.0
832 64.0 62.0
833 78.0 6.0
834 56.0 24.0
835 10.0 6.0
836 40.0 40.0
837 40.0 52.0
838 22.0 10.0
839 32.0 18.0
840 86.0 2.0
841 0.0 18.0
842 80.0 64.0
843 0.0 38.0
844 66.0 44.0
845 32.0 38.0
846 14.0 66.0
847 32.0 44.0
848 56.0 22.0
849 26.0 12.0
850 54.0 66.0
851 0.0 44.0
852 66.0 38.0
853 66.0 18.0
854 82.0 52.0
855 24.0 8.0
856 56.0 46.0
857 68.0 10.0
858 66.0 40.0
859 0.0 42.0
860 46.0 6.0
861 32.0 42.0
862 54.0 0.0
863 40.0 20.0
864 56.0 48.0
865 82.0 50.0
866 62.0 36.0
867 42.0 16.0
868 12.0 36.0
869 80.0 30.0
870 52.0 4.0
871 82.0 20.0
872 14.0 0.0
873 86.0 16.0
874 40.0 50.0
875 48.0 24.0
876 8.0 6.0
877 32.0 40.0
878 50.0 14.0
879 66.0 42.0
880 80.0 62.0
881 0.0 40.0
882 58.0 10.0
883 82.0 58.0
884 64.0 46.0
885 78.0 8.0
886 4.0 4.0
887 10.0 8.0
888 40.0 56.0
889 70.0 12.0
890 64.0 22.0
891 66.0 28.0
892 16.0 66.0
893 0.0 28.0
894 34.0 12.0
895 32.0 28.0
896 48.0 64.0
897 38.0 8.0
898 20.0 34.0
899 40.0 58.0
900 82.0 56.0
901 30.0 2.0
902 48.0 62.0
903 84.0 14.0
904 82.0 26.0
905 80.0 24.0
906 28.0 6.0
907 82.0 54.0
908 16.0 0.0
909 40.0 60.0
910 20.0 36.0
911 30.0 16.0
912 48.0 30.0
913 40.0 54.0
914 76.0 36.0
915 64.0 48.0
916 82.0 60.0
917 40.0 26.0
918 18.0 14.0
919 8.0 8.0
920 32.0 56.0
921 50.0 10.0
922 66.0 58.0
923 80.0 46.0
924 0.0 56.0
925 80.0 22.0
926 76.0 66.0
927 82.0 28.0
928 86.0 12.0
929 40.0 28.0
930 56.0 64.0
931 20.0 66.0
932 66.0 56.0
933 26.0 2.0
934 0.0 58.0
935 46.0 8.0
936 32.0 58.0
937 66.0 26.0
938 64.0 24.0
939 24.0 6.0
940 56.0 62.0
941 68.0 14.0
942 32.0 60.0
943 16.0 36.0
944 26.0 16.0
945 56.0 30.0
946 72.0 4.0
947 0.0 60.0
948 66.0 54.0
949 20.0 0.0
950 80.0 48.0
951 0.0 54.0
952 66.0 60.0
953 76.0 0.0
954 32.0 54.0
955 32.0 26.0
956 22.0 14.0
957 0.0 26.0
958 66.0 64.0
959 80.0 44.0
960 68.0 2.0
961 6.0 4.0
962 14.0 8.0
963 56.0 56.0
964 54.0 8.0
965 86.0 10.0
966 56.0 58.0
967 80.0 18.0
968 22.0 2.0
969 64.0 52.0
970 50.0 12.0
971 24.0 66.0
972 80.0 38.0
973 0.0 64.0
974 48.0 28.0
975 32.0 64.0
976 64.0 50.0
977 24.0 0.0
978 0.0 30.0
979 56.0 60.0
980 28.0 36.0
981 32.0 30.0
982 22.0 16.0
983 32.0 62.0
984 80.0 40.0
985 0.0 62.0
986 20.0 6.0
987 80.0 42.0
988 66.0 62.0
989 76.0 6.0
990 26.0 14.0
991 56.0 26.0
992 56.0 54.0
993 68.0 16.0
994 66.0 30.0
995 64.0 20.0
996 82.0 64.0
997 64.0 44.0
998 12.0 8.0
999 48.0 56.0
1000 84.0 2.0
1001 34.0 10.0
1002 64.0 18.0
1003 18.0 2.0
1004 66.0 32.0
1005 80.0 52.0
1006 62.0 8.0
1007 70.0 10.0
1008 48.0 58.0
1009 56.0 28.0
1010 40.0 64.0
1011 58.0 12.0
1012 28.0 66.0
1013 64.0 38.0
1014 48.0 60.0
1015 18.0 16.0
1016 40.0 30.0
1017 24.0 36.0
1018 80.0 50.0
1019 28.0 0.0
1020 64.0 40.0
1021 16.0 6.0
1022 40.0 62.0
1023 30.0 14.0
1024 48.0 26.0
1025 64.0 42.0
1026 82.0 62.0
1027 82.0 30.0
1028 80.0 20.0
1029 48.0 54.0
1030 84.0 16.0
1031 34.0 46.0
1032 48.0 2.0
1033 84.0 56.0
1034 18.0 58.0
1035 30.0 64.0
1036 22.0 28.0
1037 58.0 44.0
1038 34.0 22.0
1039 58.0 38.0
1040 64.0 12.0
1041 70.0 22.0
1042 68.0 28.0
1043 84.0 58.0
1044 18.0 56.0
1045 70.0 46.0
1046 72.0 8.0
1047 50.0 52.0
1048 2.0 0.0
1049 58.0 18.0
1050 40.0 14.0
1051 18.0 26.0
1052 2.0 66.0
1053 58.0 40.0
1054 74.0 36.0
1055 50.0 50.0
1056 70.0 48.0
1057 46.0 4.0
1058 84.0 60.0
1059 18.0 54.0
1060 8.0 4.0
1061 48.0 16.0
1062 30.0 30.0
1063 36.0 36.0
1064 84.0 54.0
1065 18.0 60.0
1066 50.0 20.0
1067 34.0 48.0
1068 52.0 6.0
1069 58.0 42.0
1070 82.0 14.0
1071 84.0 26.0
1072 30.0 62.0
1073 86.0 24.0
1074 68.0 56.0
1075 22.0 58.0
1076 56.0 2.0
1077 50.0 44.0
1078 36.0 66.0
1079 26.0 64.0
1080 18.0 28.0
1081 74.0 66.0
1082 86.0 22.0
1083 84.0 28.0
1084 50.0 38.0
1085 80.0 12.0
1086 58.0 52.0
1087 50.0 18.0
1088 68.0 58.0
1089 22.0 56.0
1090 86.0 46.0
1091 2.0 36.0
1092 0.0 14.0
1093 34.0 24.0
1094 50.0 40.0
1095 22.0 26.0
1096 32.0 14.0
1097 86.0 48.0
1098 38.0 4.0
1099 68.0 60.0
1100 74.0 0.0
1101 22.0 54.0
1102 58.0 50.0
1103 36.0 0.0
1104 58.0 20.0
1105 78.0 4.0
1106 4.0 8.0
1107 10.0 4.0
1108 56.0 16.0
1109 26.0 30.0
1110 68.0 54.0
1111 22.0 60.0
1112 68.0 26.0
1113 26.0 62.0
1114 70.0 24.0
1115 60.0 6.0
1116 50.0 42.0
1117 66.0 14.0
1118 22.0 64.0
1119 86.0 38.0
1120 30.0 28.0
1121 60.0 66.0
1122 50.0 22.0
1123 50.0 46.0
1124 32.0 2.0
1125 80.0 10.0
1126 26.0 58.0
1127 86.0 18.0
1128 70.0 52.0
1129 0.0 2.0
1130 26.0 56.0
1131 66.0 2.0
1132 18.0 32.0
1133 34.0 52.0
1134 42.0 18.0
1135 68.0 64.0
1136 86.0 44.0
1137 34.0 50.0
1138 66.0 16.0
1139 62.0 4.0
1140 68.0 30.0
1141 26.0 54.0
1142 70.0 20.0
1143 86.0 42.0
1144 56.0 14.0
1145 26.0 26.0
1146 68.0 62.0
1147 74.0 6.0
1148 58.0 24.0
1149 36.0 6.0
1150 86.0 40.0
1151 22.0 62.0
1152 52.0 36.0
1153 22.0 30.0
1154 32.0 16.0
1155 70.0 50.0
1156 12.0 4.0
1157 26.0 60.0
1158 0.0 16.0
1159 34.0 20.0
1160 60.0 0.0
1161 50.0 48.0
1162 34.0 44.0
1163 52.0 66.0
1164 58.0 22.0
1165 18.0 64.0
1166 70.0 38.0
1167 26.0 28.0
1168 30.0 58.0
1169 70.0 18.0
1170 86.0 52.0
1171 68.0 32.0
1172 58.0 46.0
1173 40.0 2.0
1174 64.0 10.0
1175 42.0 52.0
1176 34.0 18.0
1177 30.0 56.0
1178 82.0 2.0
1179 22.0 32.0
1180 84.0 64.0
1181 70.0 44.0
1182 34.0 38.0
1183 2.0 6.0
1184 54.0 4.0
1185 84.0 30.0
1186 30.0 54.0
1187 86.0 20.0
1188 42.0 50.0
1189 82.0 16.0
1190 50.0 24.0
1191 34.0 40.0
1192 70.0 42.0
1193 48.0 14.0
1194 30.0 26.0
1195 84.0 62.0
1196 70.0 40.0
1197 18.0 62.0
1198 34.0 42.0
1199 52.0 0.0
1200 58.0 48.0
1201 60.0 36.0
1202 18.0 30.0
1203 40.0 16.0
1204 86.0 50.0
1205 14.0 4.0
1206 6.0 8.0
1207 30.0 60.0
1208 22.0 22.0
1209 32.0 12.0
1210 26.0 44.0
1211 0.0 12.0
1212 34.0 28.0
1213 50.0 64.0
1214 36.0 8.0
1215 86.0 56.0
1216 4.0 0.0
1217 22.0 46.0
1218 86.0 58.0
1219 56.0 10.0
1220 26.0 18.0
1221 68.0 46.0
1222 30.0 52.0
1223 74.0 8.0
1224 66.0 12.0
1225 68.0 22.0
1226 26.0 38.0
1227 70.0 28.0
1228 42.0 54.0
1229 72.0 36.0
1230 16.0 4.0
1231 68.0 48.0
1232 30.0 50.0
1233 86.0 60.0
1234 26.0 40.0
1235 18.0 24.0
1236 50.0 62.0
1237 80.0 14.0
1238 26.0 42.0
1239 86.0 26.0
1240 4.0 66.0
1241 84.0 24.0
1242 22.0 48.0
1243 86.0 54.0
1244 30.0 20.0
1245 50.0 30.0
1246 58.0 64.0
1247 18.0 22.0
1248 40.0 12.0
1249 6.0 6.0
1250 30.0 44.0
1251 70.0 56.0
1252 18.0 46.0
1253 4.0 36.0
1254 34.0 58.0
1255 34.0 56.0
1256 70.0 58.0
1257 48.0 10.0
1258 30.0 18.0
1259 84.0 46.0
1260 26.0 52.0
1261 72.0 66.0
1262 84.0 22.0
1263 30.0 38.0
1264 86.0 28.0
1265 82.0 12.0
1266 84.0 48.0
1267 26.0 50.0
1268 70.0 60.0
1269 72.0 0.0
1270 34.0 54.0
1271 20.0 4.0
1272 2.0 8.0
1273 34.0 26.0
1274 30.0 40.0
1275 22.0 24.0
1276 30.0 42.0
1277 70.0 26.0
1278 68.0 24.0
1279 58.0 62.0
1280 64.0 14.0
1281 34.0 60.0
1282 76.0 4.0
1283 58.0 30.0
1284 18.0 48.0
1285 70.0 54.0
1286 26.0 20.0
1287 52.0 8.0
1288 58.0 58.0
1289 82.0 10.0
1290 6.0 0.0
1291 84.0 18.0
1292 68.0 52.0
1293 30.0 46.0
1294 48.0 12.0
1295 30.0 22.0
1296 84.0 38.0
1297 18.0 44.0
1298 50.0 28.0
1299 34.0 64.0
1300 70.0 64.0
1301 84.0 44.0
1302 18.0 38.0
1303 18.0 18.0
1304 40.0 10.0
1305 64.0 2.0
1306 22.0 52.0
1307 58.0 56.0
1308 84.0 42.0
1309 18.0 40.0
1310 70.0 62.0
1311 72.0 6.0
1312 26.0 24.0
1313 58.0 26.0
1314 58.0 54.0
1315 24.0 4.0
1316 64.0 16.0
1317 22.0 50.0
1318 70.0 30.0
1319 68.0 20.0
1320 68.0 50.0
1321 30.0 48.0
1322 22.0 20.0
1323 58.0 60.0
1324 34.0 30.0
1325 34.0 62.0
1326 84.0 40.0
1327 18.0 42.0
1328 6.0 66.0
1329 68.0 18.0
1330 84.0 52.0
1331 26.0 46.0
1332 70.0 32.0
1333 60.0 8.0
1334 6.0 36.0
1335 50.0 58.0
1336 66.0 10.0
1337 58.0 28.0
1338 4.0 6.0
1339 56.0 12.0
1340 26.0 22.0
1341 68.0 38.0
1342 22.0 44.0
1343 86.0 64.0
1344 68.0 44.0
1345 22.0 38.0
1346 0.0 10.0
1347 50.0 56.0
1348 22.0 18.0
1349 32.0 10.0
1350 80.0 2.0
1351 18.0 52.0
1352 50.0 26.0
1353 68.0 42.0
1354 22.0 40.0
1355 86.0 62.0
1356 30.0 24.0
1357 18.0 50.0
1358 86.0 30.0
1359 84.0 20.0
1360 50.0 54.0
1361 28.0 4.0
1362 80.0 16.0
1363 50.0 60.0
1364 84.0 50.0
1365 26.0 48.0
1366 18.0 20.0
1367 68.0 40.0
1368 22.0 42.0
*Edges
149 502 1.0
363 318 1.0
799 615 1.0
715 768 1.0
1320 1155 1.0
1126 1157 1.0
785 865 1.0
1321 1232 1.0
1334 787 1.0
857 706 1.0
1023 1096 1.0
648 273 1.0
1083 1264 1.0
36 154 1.0
1243 1215 1.0
1252 1284 1.0
700 685 1.0
217 59 1.0
373 84 1.0
1043 1058 1.0
932 922 1.0
772 444 1.0
6 332 1.0
1230 526 1.0
703 1348 1.0
1183 1272 1.0
54 52 1.0
81 406 1.0
736 1069 1.0
307 210 1.0
887 300 1.0
1319 1225 1.0
611 570 1.0
1344 1221 1.0
497 338 1.0
1108 773 1.0
905 738 1.0
854 907 1.0
923 759 1.0
814 1326 1.0
296 155 1.0
153 692 1.0
341 329 1.0
432 103 1.0
394 423 1.0
336 644 1.0
759 1259 1.0
744 713 1.0
504 341 1.0
1171 1332 1.0
991 1313 1.0
1293 716 1.0
264 1282 1.0
419 611 1.0
134 459 1.0
1320 1292 1.0
147 696 1.0
831 1308 1.0
105 436 1.0
72 234 1.0
1335 1363 1.0
124 1240 1.0
600 1247 1.0
1328 707 1.0
796 863 1.0
1070 903 1.0
1201 866 1.0
408 499 1.0
117 1121 1.0
1307 1288 1.0
1173 17 1.0
407 655 1.0
1217 683 1.0
741 917 1.0
798 846 1.0
1290 743 1.0
952 988 1.0
995 828 1.0
1064 1243 1.0
811 68 1.0
404 803 1.0
635 1321 1.0
751 869 1.0
675 322 1.0
891 994 1.0
372 420 1.0
1124 808 1.0
265 233 1.0
1250 847 1.0
739 311 1.0
50 21 1.0
1311 1046 1.0
963 1307 1.0
177 186 1.0
705 1039 1.0
787 747 1.0
1113 1079 1.0
213 383 1.0
406 460 1.0
303 1230 1.0
648 484 1.0
510 687 1.0
1348 1322 1.0
918 1015 1.0
640 650 1.0
295 700 1.0
302 258 1.0
665 485 1.0
1021 282 1.0
964 688 1.0
300 201 1.0
224 239 1.0
487 483 1.0
697 1345 1.0
318 476 1.0
316 171 1.0
1108 715 1.0
943 208 1.0
702 1351 1.0
537 548 1.0
357 390 1.0
309 1040 1.0
49 155 1.0
633 581 1.0
964 227 1.0
850 454 1.0
900 883 1.0
818 446 1.0
39 55 1.0
567 631 1.0
6 115 1.0
558 694 1.0
121 645 1.0
1050 1203 1.0
470 752 1.0
1227 21 1.0
396 491 1.0
778 586 1.0
642 637 1.0
866 353 1.0
758 788 1.0
318 449 1.0
578 917 1.0
1247 1235 1.0
427 357 1.0
591 638 1.0
913 1228 1.0
231 597 1.0
502 890 1.0
1080 345 1.0
643 661 1.0
70 30 1.0
41 431 1.0
1205 740 1.0
1237 1362 1.0
1032 717 1.0
544 551 1.0
868 825 1.0
44 77 1.0
301 202 1.0
1028 925 1.0
286 276 1.0
342 675 1.0
763 401 1.0
890 708 1.0
892 192 1.0
1186 954 1.0
633 424 1.0
650 765 1.0
103 45 1.0
749 738 1.0
693 1342 1.0
491 229 1.0
1156 1205 1.0
557 1336 1.0
619 431 1.0
445 517 1.0
505 487 1.0
1146 1135 1.0
1127 1187 1.0
503 488 1.0
256 627 1.0
1315 939 1.0
208 1302 1.0
524 1013 1.0
47 1328 1.0
364 316 1.0
1364 1330 1.0
623 579 1.0
1251 77 1.0
740 962 1.0
993 823 1.0
125 679 1.0
592 640 1.0
1171 183 1.0
332 455 1.0
380 403 1.0
1228 172 1.0
714 849 1.0
481 662 1.0
594 961 1.0
61 339 1.0
1143 1136 1.0
669 60 1.0
1172 160 1.0
109 795 1.0
938 775 1.0
1150 1143 1.0
263 126 1.0
535 486 1.0
473 1186 1.0
1249 876 1.0
595 1286 1.0
309 103 1.0
735 873 1.0
118 112 1.0
73 807 1.0
1017 277 1.0
667 680 1.0
45 1316 1.0
531 556 1.0
450 347 1.0
1098 17 1.0
1342 1217 1.0
270 229 1.0
340 870 1.0
15 97 1.0
959 923 1.0
184 51 1.0
100 395 1.0
711 746 1.0
895 981 1.0
861 1198 1.0
1145 485 1.0
462 593 1.0
994 1140 1.0
904 927 1.0
1279 207 1.0
133 1061 1.0
391 355 1.0
482 288 1.0
200 901 1.0
350 335 1.0
947 985 1.0
661 628 1.0
37 726 1.0
659 946 1.0
490 532 1.0
531 1232 1.0
1231 1056 1.0
673 912 1.0
227 273 1.0
1091 83 1.0
1086 71 1.0
1263 1274 1.0
1301 1136 1.0
915 976 1.0
1073 1239 1.0
163 122 1.0
780 740 1.0
1352 286 1.0
1000 840 1.0
475 515 1.0
883 916 1.0
851 719 1.0
1148 105 1.0
1019 200 1.0
452 326 1.0
1240 1328 1.0
851 104 1.0
38 196 1.0
356 190 1.0
554 1346 1.0
1014 1363 1.0
856 864 1.0
1284 540 1.0
433 506 1.0
1270 1255 1.0
1300 66 1.0
766 741 1.0
667 1354 1.0
212 592 1.0
46 205 1.0
1273 1212 1.0
79 1078 1.0
733 824 1.0
722 56 1.0
328 139 1.0
283 262 1.0
1134 110 1.0
732 159 1.0
961 1249 1.0
1213 194 1.0
627 774 1.0
95 111 1.0
563 19 1.0
58 216 1.0
1269 659 1.0
997 844 1.0
838 726 1.0
409 1052 1.0
815 810 1.0
1084 1094 1.0
907 1064 1.0
375 976 1.0
1066 6 1.0
1220 1286 1.0
712 885 1.0
593 602 1.0
370 430 1.0
975 405 1.0
691 590 1.0
906 163 1.0
1299 275 1.0
1225 1041 1.0
1198 1162 1.0
440 84 1.0
1286 1340 1.0
546 580 1.0
89 514 1.0
414 647 1.0
375 416 1.0
1215 1218 1.0
990 285 1.0
786 1149 1.0
228 419 1.0
666 696 1.0
1249 1206 1.0
1093 55 1.0
242 87 1.0
287 1052 1.0
245 982 1.0
403 342 1.0
699 653 1.0
825 407 1.0
1034 1065 1.0
464 1130 1.0
308 284 1.0
240 898 1.0
745 505 1.0
1202 1132 1.0
1353 1192 1.0
1158 518 1.0
198 1214 1.0
1195 1355 1.0
1072 983 1.0
113 127 1.0
185 355 1.0
1050 739 1.0
48 99 1.0
820 725 1.0
192 931 1.0
231 1121 1.0
113 536 1.0
491 654 1.0
866 524 1.0
985 294 1.0
486 507 1.0
1280 1117 1.0
76 670 1.0
1047 1360 1.0
987 959 1.0
339 377 1.0
1315 624 1.0
170 173 1.0
1225 1278 1.0
500 110 1.0
384 441 1.0
817 722 1.0
561 607 1.0
569 357 1.0
1324 244 1.0
1221 1045 1.0
753 903 1.0
1340 649 1.0
556 473 1.0
895 1212 1.0
178 918 1.0
87 121 1.0
339 400 1.0
299 376 1.0
1083 1185 1.0
22 113 1.0
84 1149 1.0
274 1012 1.0
786 1098 1.0
571 1305 1.0
335 393 1.0
540 1242 1.0
389 410 1.0
337 536 1.0
790 822 1.0
306 882 1.0
1037 40 1.0
824 794 1.0
1110 1285 1.0
368 1095 1.0
1154 818 1.0
329 421 1.0
33 1184 1.0
747 503 1.0
1254 1281 1.0
432 386 1.0
1216 677 1.0
1323 1279 1.0
902 896 1.0
230 66 1.0
699 574 1.0
1125 1085 1.0
695 620 1.0
428 827 1.0
554 1272 1.0
131 1199 1.0
744 1055 1.0
681 653 1.0
378 821 1.0
1089 464 1.0
22 49 1.0
589 379 1.0
756 1349 1.0
751 927 1.0
1200 129 1.0
593 729 1.0
1184 734 1.0
1341 1166 1.0
723 856 1.0
286 662 1.0
830 432 1.0
1152 67 1.0
473 519 1.0
1142 258 1.0
1342 545 1.0
922 1088 1.0
837 913 1.0
14 840 1.0
452 1120 1.0
215 281 1.0
248 35 1.0
499 1202 1.0
1350 169 1.0
84 198 1.0
685 966 1.0
1232 1222 1.0
961 1060 1.0
886 1338 1.0
705 742 1.0
465 264 1.0
558 181 1.0
314 366 1.0
1122 115 1.0
1034 399 1.0
431 557 1.0
1093 1273 1.0
949 214 1.0
1179 199 1.0
1092 1158 1.0
1104 1164 1.0
913 888 1.0
305 279 1.0
277 1226 1.0
1317 1306 1.0
80 178 1.0
601 596 1.0
765 348 1.0
748 880 1.0
1095 1036 1.0
532 1235 1.0
115 138 1.0
1046 1223 1.0
977 241 1.0
1041 189 1.0
1077 1123 1.0
1166 1196 1.0
294 287 1.0
877 861 1.0
605 134 1.0
992 1314 1.0
716 733 1.0
156 811 1.0
358 323 1.0
426 464 1.0
640 1022 1.0
142 108 1.0
249 215 1.0
406 723 1.0
2 415 1.0
250 261 1.0
1118 410 1.0
1245 167 1.0
1123 1161 1.0
314 354 1.0
1180 190 1.0
799 958 1.0
758 922 1.0
487 984 1.0
538 1238 1.0
1321 733 1.0
674 979 1.0
9 48 1.0
598 673 1.0
1242 1317 1.0
1239 1264 1.0
1350 1178 1.0
209 944 1.0
1074 1088 1.0
489 813 1.0
1289 1265 1.0
494 513 1.0
932 1074 1.0
256 266 1.0
676 600 1.0
159 1057 1.0
1102 62 1.0
303 1003 1.0
1279 1246 1.0
1160 819 1.0
397 439 1.0
1040 1280 1.0
844 711 1.0
1235 1051 1.0
1025 879 1.0
439 639 1.0
538 545 1.0
879 844 1.0
624 204 1.0
449 461 1.0
718 900 1.0
792 659 1.0
118 260 1.0
302 157 1.0
1337 307 1.0
937 1112 1.0
365 742 1.0
501 151 1.0
1351 1059 1.0
128 152 1.0
776 1278 1.0
461 403 1.0
396 564 1.0
1248 1050 1.0
757 1087 1.0
420 399 1.0
440 552 1.0
112 104 1.0
706 889 1.0
548 930 1.0
71 416 1.0
1190 1352 1.0
996 1180 1.0
142 1060 1.0
592 909 1.0
955 895 1.0
655 621 1.0
1244 820 1.0
313 334 1.0
834 991 1.0
1062 981 1.0
352 521 1.0
1233 1355 1.0
861 847 1.0
1175 146 1.0
1273 221 1.0
561 528 1.0
332 768 1.0
574 525 1.0
876 835 1.0
1232 824 1.0
502 436 1.0
198 1001 1.0
134 99 1.0
770 1282 1.0
475 744 1.0
721 143 1.0
95 421 1.0
458 786 1.0
923 950 1.0
830 773 1.0
443 1157 1.0
1366 632 1.0
807 965 1.0
448 317 1.0
25 555 1.0
312 408 1.0
1059 372 1.0
477 677 1.0
100 428 1.0
582 1274 1.0
3 1182 1.0
957 196 1.0
869 1027 1.0
1352 1298 1.0
1296 1326 1.0
663 698 1.0
767 37 1.0
933 624 1.0
259 429 1.0
856 1172 1.0
227 1219 1.0
281 299 1.0
819 78 1.0
150 254 1.0
911 1154 1.0
85 61 1.0
890 938 1.0
28 714 1.0
88 1084 1.0
551 603 1.0
1274 1276 1.0
608 888 1.0
849 116 1.0
908 303 1.0
119 1173 1.0
463 1126 1.0
5 329 1.0
873 1127 1.0
453 931 1.0
625 423 1.0
1256 1268 1.0
915 746 1.0
1151 389 1.0
1116 1077 1.0
463 443 1.0
450 863 1.0
523 480 1.0
139 226 1.0
761 75 1.0
560 550 1.0
548 850 1.0
1317 572 1.0
404 315 1.0
233 10 1.0
1098 812 1.0
946 1311 1.0
304 1125 1.0
422 330 1.0
739 867 1.0
1367 1353 1.0
902 1236 1.0
821 744 1.0
1074 1251 1.0
177 457 1.0
1294 970 1.0
553 540 1.0
1224 1117 1.0
281 417 1.0
1355 1343 1.0
1008 1335 1.0
534 598 1.0
1138 993 1.0
1292 1128 1.0
193 1248 1.0
1021 761 1.0
951 924 1.0
600 532 1.0
527 560 1.0
410 1079 1.0
252 177 1.0
1368 1342 1.0
730 829 1.0
768 848 1.0
981 1324 1.0
1208 1275 1.0
867 1134 1.0
969 774 1.0
547 193 1.0
1045 1056 1.0
1101 1089 1.0
882 558 1.0
1224 706 1.0
885 304 1.0
1180 1343 1.0
512 493 1.0
888 899 1.0
30 303 1.0
497 1207 1.0
507 1165 1.0
723 1037 1.0
353 313 1.0
1285 1251 1.0
26 180 1.0
75 795 1.0
616 562 1.0
442 1183 1.0
1267 531 1.0
455 481 1.0
1058 1233 1.0
104 249 1.0
1094 54 1.0
789 529 1.0
1253 1334 1.0
1312 1145 1.0
311 500 1.0
832 988 1.0
703 632 1.0
691 709 1.0
983 1325 1.0
97 86 1.0
1219 1339 1.0
617 670 1.0
1137 1133 1.0
467 422 1.0
727 325 1.0
17 492 1.0
784 38 1.0
1267 1260 1.0
1278 1114 1.0
1247 546 1.0
416 969 1.0
1145 1167 1.0
1068 1287 1.0
865 1364 1.0
942 983 1.0
325 69 1.0
1331 1365 1.0
738 904 1.0
827 1115 1.0
728 388 1.0
239 212 1.0
1289 807 1.0
716 1031 1.0
948 1110 1.0
693 553 1.0
990 944 1.0
488 335 1.0
65 442 1.0
613 539 1.0
992 963 1.0
338 346 1.0
662 991 1.0
1159 1038 1.0
1368 538 1.0
528 663 1.0
634 645 1.0
971 274 1.0
1162 1031 1.0
1103 769 1.0
911 1258 1.0
237 283 1.0
289 141 1.0
466 757 1.0
1230 1021 1.0
305 685 1.0
565 699 1.0
164 281 1.0
316 852 1.0
176 242 1.0
998 201 1.0
127 76 1.0
1005 854 1.0
1168 1207 1.0
1282 1105 1.0
803 1122 1.0
1107 1156 1.0
306 1333 1.0
276 651 1.0
828 708 1.0
377 320 1.0
435 479 1.0
1193 878 1.0
1327 1297 1.0
55 221 1.0
1081 926 1.0
1026 1195 1.0
802 762 1.0
238 109 1.0
1229 308 1.0
19 184 1.0
777 1006 1.0
897 606 1.0
1229 1054 1.0
893 978 1.0
943 655 1.0
1149 812 1.0
1349 1001 1.0
742 736 1.0
469 490 1.0
373 786 1.0
686 701 1.0
398 419 1.0
1076 100 1.0
937 891 1.0
770 1147 1.0
874 1188 1.0
1333 558 1.0
449 380 1.0
345 1036 1.0
354 516 1.0
896 501 1.0
1255 224 1.0
853 828 1.0
800 759 1.0
862 451 1.0
540 630 1.0
988 958 1.0
788 952 1.0
967 809 1.0
696 555 1.0
236 1315 1.0
518 92 1.0
1129 65 1.0
797 836 1.0
1197 1165 1.0
875 1024 1.0
1199 862 1.0
1365 635 1.0
1149 1214 1.0
894 783 1.0
539 649 1.0
52 81 1.0
362 755 1.0
323 950 1.0
321 1178 1.0
1041 1114 1.0
1099 1146 1.0
916 1058 1.0
23 569 1.0
808 373 1.0
571 371 1.0
158 19 1.0
616 798 1.0
769 119 1.0
557 26 1.0
1311 1147 1.0
760 758 1.0
275 1078 1.0
950 785 1.0
474 8 1.0
1024 974 1.0
652 616 1.0
156 714 1.0
333 1091 1.0
128 489 1.0
1184 100 1.0
1181 1045 1.0
1111 443 1.0
476 422 1.0
146 515 1.0
1259 1266 1.0
326 1062 1.0
512 884 1.0
317 791 1.0
678 572 1.0
1204 1170 1.0
469 600 1.0
208 910 1.0
1310 101 1.0
1028 871 1.0
336 8 1.0
607 576 1.0
1258 839 1.0
677 886 1.0
218 513 1.0
445 1153 1.0
488 479 1.0
23 46 1.0
811 122 1.0
34 5 1.0
1277 50 1.0
1330 1064 1.0
901 1124 1.0
69 6 1.0
810 1292 1.0
1120 1062 1.0
109 80 1.0
166 1017 1.0
74 58 1.0
1020 858 1.0
656 750 1.0
1264 1358 1.0
1075 463 1.0
1164 149 1.0
1266 1364 1.0
371 1131 1.0
903 735 1.0
64 1119 1.0
860 336 1.0
1316 1002 1.0
290 218 1.0
578 549 1.0
681 312 1.0
849 990 1.0
550 1008 1.0
78 1305 1.0
129 62 1.0
712 158 1.0
729 718 1.0
51 1237 1.0
575 248 1.0
279 674 1.0
976 815 1.0
120 90 1.0
1354 1368 1.0
522 354 1.0
481 834 1.0
848 834 1.0
264 107 1.0
1147 1223 1.0
1039 20 1.0
53 1115 1.0
619 359 1.0
1128 1285 1.0
437 456 1.0
515 527 1.0
438 435 1.0
108 1107 1.0
479 522 1.0
280 901 1.0
1348 559 1.0
639 699 1.0
130 197 1.0
965 928 1.0
730 72 1.0
999 1347 1.0
546 1208 1.0
860 935 1.0
310 405 1.0
1178 4 1.0
1036 1153 1.0
962 761 1.0
1159 93 1.0
1182 1191 1.0
151 1163 1.0
660 760 1.0
1347 1335 1.0
366 414 1.0
1291 1127 1.0
57 89 1.0
710 883 1.0
307 691 1.0
320 469 1.0
1360 1347 1.0
614 582 1.0
162 194 1.0
12 32 1.0
374 801 1.0
1288 1323 1.0
56 38 1.0
606 1304 1.0
919 887 1.0
168 911 1.0
334 1025 1.0
1018 865 1.0
260 272 1.0
1207 1072 1.0
889 778 1.0
629 569 1.0
1353 1344 1.0
656 842 1.0
351 563 1.0
930 1246 1.0
433 1145 1.0
211 619 1.0
984 814 1.0
827 1139 1.0
235 228 1.0
518 689 1.0
516 467 1.0
579 616 1.0
206 255 1.0
711 1221 1.0
311 10 1.0
1085 1265 1.0
1238 584 1.0
804 1209 1.0
657 372 1.0
970 878 1.0
1105 833 1.0
493 915 1.0
533 538 1.0
536 587 1.0
130 290 1.0
427 1028 1.0
821 1161 1.0
701 343 1.0
1071 1083 1.0
137 128 1.0
627 660 1.0
496 1032 1.0
451 91 1.0
1052 1240 1.0
1337 1283 1.0
1291 1359 1.0
974 1298 1.0
755 992 1.0
1343 24 1.0
253 307 1.0
258 189 1.0
912 1245 1.0
863 766 1.0
472 926 1.0
1018 1005 1.0
677 594 1.0
679 487 1.0
132 1201 1.0
1008 1014 1.0
91 763 1.0
983 975 1.0
1140 1318 1.0
381 1124 1.0
257 301 1.0
835 887 1.0
341 762 1.0
790 108 1.0
446 89 1.0
1356 781 1.0
585 567 1.0
1060 876 1.0
1112 1277 1.0
963 966 1.0
1294 1193 1.0
394 206 1.0
367 741 1.0
746 1231 1.0
470 434 1.0
1362 1189 1.0
43 1103 1.0
800 1301 1.0
123 82 1.0
742 1053 1.0
1241 1071 1.0
1048 477 1.0
385 1129 1.0
360 1044 1.0
714 68 1.0
459 511 1.0
187 48 1.0
466 495 1.0
169 4 1.0
1014 902 1.0
536 617 1.0
515 713 1.0
767 918 1.0
1359 1262 1.0
728 523 1.0
367 578 1.0
1077 81 1.0
28 150 1.0
401 827 1.0
599 646 1.0
292 147 1.0
689 605 1.0
1133 1270 1.0
1300 114 1.0
1302 697 1.0
1349 1209 1.0
628 579 1.0
768 1104 1.0
353 1013 1.0
858 879 1.0
1269 1100 1.0
581 396 1.0
180 1007 1.0
1067 1137 1.0
941 993 1.0
1206 919 1.0
970 648 1.0
1069 7 1.0
430 618 1.0
1234 582 1.0
239 604 1.0
653 408 1.0
1178 1000 1.0
67 413 1.0
1219 882 1.0
1338 1106 1.0
288 139 1.0
325 2 1.0
203 46 1.0
1278 1112 1.0
29 361 1.0
1124 60 1.0
2 1108 1.0
725 1038 1.0
583 390 1.0
1238 1210 1.0
423 157 1.0
537 940 1.0
75 721 1.0
581 344 1.0
241 1019 1.0
1174 1336 1.0
603 607 1.0
672 324 1.0
563 394 1.0
1068 734 1.0
688 1219 1.0
836 813 1.0
1131 960 1.0
474 870 1.0
219 1296 1.0
875 1190 1.0
550 543 1.0
183 171 1.0
110 466 1.0
93 39 1.0
910 898 1.0
220 577 1.0
972 801 1.0
330 668 1.0
398 602 1.0
361 1002 1.0
1030 1291 1.0
638 643 1.0
346 1012 1.0
471 417 1.0
221 578 1.0
1100 465 1.0
520 959 1.0
492 606 1.0
1043 1218 1.0
576 628 1.0
1226 614 1.0
532 312 1.0
733 1067 1.0
1186 1177 1.0
984 987 1.0
874 837 1.0
1223 712 1.0
188 262 1.0
957 893 1.0
1193 1061 1.0
1106 1206 1.0
894 547 1.0
737 904 1.0
1222 1186 1.0
434 437 1.0
1188 136 1.0
1065 384 1.0
209 559 1.0
944 168 1.0
178 278 1.0
57 1050 1.0
1141 473 1.0
650 1010 1.0
248 939 1.0
958 411 1.0
1142 1041 1.0
789 107 1.0
880 842 1.0
588 597 1.0
215 234 1.0
1153 387 1.0
683 1331 1.0
355 567 1.0
1128 269 1.0
114 261 1.0
1118 232 1.0
52 392 1.0
773 1049 1.0
898 199 1.0
405 79 1.0
186 438 1.0
1255 1254 1.0
1155 242 1.0
1207 942 1.0
573 374 1.0
647 1297 1.0
676 1366 1.0
620 433 1.0
1312 665 1.0
1295 1356 1.0
884 915 1.0
165 949 1.0
1347 295 1.0
4 482 1.0
1274 877 1.0
293 263 1.0
1156 780 1.0
1288 267 1.0
696 520 1.0
630 657 1.0
545 1210 1.0
217 960 1.0
882 1011 1.0
1164 1148 1.0
934 947 1.0
393 366 1.0
389 1113 1.0
275 650 1.0
1051 368 1.0
1163 850 1.0
719 730 1.0
641 647 1.0
833 885 1.0
334 349 1.0
671 700 1.0
774 760 1.0
638 675 1.0
968 236 1.0
418 610 1.0
201 293 1.0
1333 1006 1.0
18 400 1.0
58 101 1.0
641 1327 1.0
1242 678 1.0
1326 1150 1.0
1318 98 1.0
480 836 1.0
662 651 1.0
586 625 1.0
257 175 1.0
517 898 1.0
34 341 1.0
843 881 1.0
66 1261 1.0
777 619 1.0
159 1032 1.0
1206 319 1.0
1345 1354 1.0
41 589 1.0
1246 231 1.0
55 367 1.0
755 1086 1.0
630 1317 1.0
349 512 1.0
1024 1352 1.0
660 642 1.0
179 176 1.0
692 505 1.0
1360 291 1.0
343 324 1.0
897 298 1.0
402 378 1.0
235 398 1.0
1049 1104 1.0
1196 284 1.0
980 614 1.0
1338 1249 1.0
171 13 1.0
1363 279 1.0
363 516 1.0
92 144 1.0
120 460 1.0
843 83 1.0
1308 1143 1.0
171 1341 1.0
61 18 1.0
1056 1155 1.0
754 798 1.0
138 286 1.0
1094 1116 1.0
214 968 1.0
80 767 1.0
575 1315 1.0
388 797 1.0
637 588 1.0
343 1034 1.0
1044 1034 1.0
761 109 1.0
222 49 1.0
1325 247 1.0
547 369 1.0
150 849 1.0
1306 609 1.0
1070 1189 1.0
425 352 1.0
697 667 1.0
111 220 1.0
229 187 1.0
601 1252 1.0
498 705 1.0
152 34 1.0
97 551 1.0
1212 1324 1.0
357 925 1.0
717 474 1.0
967 1028 1.0
998 962 1.0
918 223 1.0
163 440 1.0
1301 1259 1.0
1203 796 1.0
1222 794 1.0
162 537 1.0
852 858 1.0
829 793 1.0
833 664 1.0
312 1051 1.0
1366 1247 1.0
670 626 1.0
147 25 1.0
1088 1099 1.0
527 1029 1.0
611 710 1.0
355 429 1.0
645 462 1.0
1182 148 1.0
12 317 1.0
1210 1331 1.0
417 363 1.0
1281 212 1.0
176 16 1.0
1235 580 1.0
362 671 1.0
960 589 1.0
43 808 1.0
900 1033 1.0
1205 1230 1.0
979 940 1.0
708 1225 1.0
609 426 1.0
189 203 1.0
1191 1198 1.0
157 684 1.0
511 339 1.0
1030 873 1.0
381 43 1.0
1271 575 1.0
400 320 1.0
779 764 1.0
1086 1314 1.0
330 342 1.0
1042 1227 1.0
994 1004 1.0
45 361 1.0
1055 12 1.0
541 328 1.0
65 720 1.0
1318 1332 1.0
115 455 1.0
615 411 1.0
298 193 1.0
884 711 1.0
771 874 1.0
464 463 1.0
32 362 1.0
910 166 1.0
958 1135 1.0
795 767 1.0
753 928 1.0
140 2 1.0
713 1029 1.0
78 1139 1.0
226 965 1.0
651 542 1.0
1109 326 1.0
585 737 1.0
1280 1316 1.0
1346 1211 1.0
376 494 1.0
1363 1236 1.0
613 1258 1.0
877 1191 1.0
1027 1185 1.0
1132 240 1.0
431 251 1.0
91 1160 1.0
1252 553 1.0
701 672 1.0
126 18 1.0
1244 1295 1.0
407 393 1.0
702 322 1.0
1096 1154 1.0
1298 276 1.0
1254 239 1.0
372 1101 1.0
823 1169 1.0
542 945 1.0
507 892 1.0
822 872 1.0
1091 1253 1.0
441 453 1.0
1344 1181 1.0
1365 1267 1.0
1025 997 1.0
1133 111 1.0
511 425 1.0
780 998 1.0
164 471 1.0
393 621 1.0
451 1076 1.0
496 131 1.0
1130 519 1.0
1322 595 1.0
632 546 1.0
775 937 1.0
857 1007 1.0
960 792 1.0
864 1200 1.0
30 1205 1.0
145 514 1.0
482 610 1.0
135 474 1.0
1190 138 1.0
598 974 1.0
483 520 1.0
1275 1095 1.0
1047 32 1.0
618 656 1.0
11 7 1.0
267 642 1.0
806 821 1.0
1056 176 1.0
465 770 1.0
1168 936 1.0
99 511 1.0
706 941 1.0
905 737 1.0
59 792 1.0
794 954 1.0
1079 346 1.0
82 663 1.0
112 272 1.0
1067 5 1.0
1058 1195 1.0
244 636 1.0
853 1329 1.0
885 418 1.0
1 86 1.0
234 297 1.0
1196 1192 1.0
293 85 1.0
263 80 1.0
1209 894 1.0
442 554 1.0
35 855 1.0
322 360 1.0
783 369 1.0
893 222 1.0
764 806 1.0
181 1174 1.0
143 838 1.0
580 1275 1.0
781 955 1.0
378 475 1.0
472 656 1.0
835 780 1.0
1246 117 1.0
495 404 1.0
1283 210 1.0
1165 453 1.0
631 869 1.0
1104 42 1.0
359 1174 1.0
1039 1053 1.0
1323 246 1.0
96 629 1.0
345 445 1.0
1258 1244 1.0
1327 680 1.0
872 30 1.0
301 237 1.0
1177 920 1.0
1069 1037 1.0
1113 338 1.0
594 142 1.0
560 999 1.0
272 191 1.0
816 413 1.0
807 753 1.0
284 125 1.0
1175 1228 1.0
544 591 1.0
347 766 1.0
950 1018 1.0
124 47 1.0
642 758 1.0
545 683 1.0
646 635 1.0
98 259 1.0
680 1368 1.0
1271 986 1.0
410 971 1.0
86 561 1.0
234 299 1.0
1309 667 1.0
784 957 1.0
456 764 1.0
876 919 1.0
1272 633 1.0
148 137 1.0
539 1244 1.0
709 826 1.0
1035 975 1.0
294 154 1.0
3 1063 1.0
607 661 1.0
1122 1190 1.0
734 395 1.0
1217 1242 1.0
1111 1151 1.0
174 14 1.0
1287 964 1.0
434 782 1.0
1139 211 1.0
104 63 1.0
1123 120 1.0
106 544 1.0
220 224 1.0
579 535 1.0
342 702 1.0
438 488 1.0
559 1220 1.0
40 349 1.0
484 140 1.0
584 599 1.0
476 380 1.0
680 693 1.0
1195 1180 1.0
572 1267 1.0
77 74 1.0
684 509 1.0
1009 1337 1.0
285 1023 1.0
352 397 1.0
369 57 1.0
152 504 1.0
308 153 1.0
1177 1168 1.0
90 12 1.0
940 930 1.0
791 755 1.0
625 302 1.0
955 1273 1.0
141 666 1.0
524 316 1.0
520 358 1.0
133 466 1.0
704 298 1.0
42 149 1.0
543 1014 1.0
116 285 1.0
67 54 1.0
649 1295 1.0
987 831 1.0
973 409 1.0
299 225 1.0
87 634 1.0
1152 816 1.0
190 24 1.0
1040 1224 1.0
757 731 1.0
391 585 1.0
350 407 1.0
687 158 1.0
572 609 1.0
1282 989 1.0
661 701 1.0
1110 1074 1.0
313 1020 1.0
247 640 1.0
101 250 1.0
1004 1171 1.0
678 1365 1.0
508 1168 1.0
161 297 1.0
1105 169 1.0
528 576 1.0
746 815 1.0
1284 1357 1.0
1087 69 1.0
193 57 1.0
745 573 1.0
194 1163 1.0
254 209 1.0
752 1084 1.0
1072 1035 1.0
916 1026 1.0
376 318 1.0
726 956 1.0
936 942 1.0
284 289 1.0
205 185 1.0
654 9 1.0
411 230 1.0
645 383 1.0
1341 1367 1.0
1006 359 1.0
1253 252 1.0
1176 1159 1.0
243 327 1.0
837 1175 1.0
62 375 1.0
1125 1289 1.0
260 186 1.0
379 946 1.0
1138 853 1.0
282 75 1.0
197 27 1.0
508 497 1.0
94 1362 1.0
269 121 1.0
380 330 1.0
610 1289 1.0
447 462 1.0
621 641 1.0
922 952 1.0
927 1083 1.0
556 1222 1.0
1036 506 1.0
136 475 1.0
270 300 1.0
1114 203 1.0
762 771 1.0
327 845 1.0
679 666 1.0
972 984 1.0
881 859 1.0
1214 704 1.0
21 185 1.0
168 613 1.0
250 430 1.0
99 61 1.0
53 306 1.0
954 1270 1.0
929 1016 1.0
490 681 1.0
399 1075 1.0
333 843 1.0
208 240 1.0
1116 52 1.0
1017 566 1.0
1262 1082 1.0
591 603 1.0
939 204 1.0
925 905 1.0
1260 556 1.0
354 414 1.0
513 544 1.0
1015 1303 1.0
1019 280 1.0
182 294 1.0
26 857 1.0
1336 1224 1.0
443 389 1.0
1148 1313 1.0
1066 1122 1.0
462 1005 1.0
842 996 1.0
266 267 1.0
555 530 1.0
42 382 1.0
51 94 1.0
570 618 1.0
383 398 1.0
1277 1227 1.0
855 28 1.0
1100 953 1.0
664 482 1.0
1146 1310 1.0
457 438 1.0
1137 95 1.0
271 968 1.0
119 1098 1.0
1061 727 1.0
344 518 1.0
1169 1142 1.0
938 776 1.0
715 1049 1.0
166 1345 1.0
773 386 1.0
39 347 1.0
792 379 1.0
1241 1073 1.0
779 1116 1.0
1364 1204 1.0
552 1349 1.0
364 183 1.0
506 387 1.0
1236 162 1.0
1251 1256 1.0
175 459 1.0
669 163 1.0
980 243 1.0
760 932 1.0
509 967 1.0
904 1071 1.0
654 605 1.0
236 933 1.0
1310 1300 1.0
454 117 1.0
953 264 1.0
138 481 1.0
400 658 1.0
997 884 1.0
796 1134 1.0
1332 31 1.0
1226 1234 1.0
1135 230 1.0
329 771 1.0
991 1009 1.0
1044 420 1.0
37 223 1.0
783 818 1.0
1297 1252 1.0
610 73 1.0
985 973 1.0
1319 1142 1.0
1194 955 1.0
102 1311 1.0
249 164 1.0
618 880 1.0
743 790 1.0
813 802 1.0
495 731 1.0
525 499 1.0
216 370 1.0
655 1302 1.0
1231 1320 1.0
914 745 1.0
740 1021 1.0
756 804 1.0
889 351 1.0
976 969 1.0
56 202 1.0
347 367 1.0
266 660 1.0
379 102 1.0
421 874 1.0
273 140 1.0
682 690 1.0
1057 860 1.0
979 1323 1.0
384 1111 1.0
809 871 1.0
90 448 1.0
747 868 1.0
382 995 1.0
1314 1307 1.0
883 1043 1.0
485 452 1.0
144 56 1.0
366 641 1.0
121 213 1.0
1199 340 1.0
700 963 1.0
1033 1043 1.0
297 290 1.0
533 1234 1.0
47 698 1.0
1303 1366 1.0
1167 452 1.0
977 236 1.0
623 652 1.0
167 542 1.0
242 269 1.0
1055 1047 1.0
847 716 1.0
806 1123 1.0
265 1257 1.0
447 1018 1.0
924 934 1.0
862 33 1.0
267 246 1.0
1201 20 1.0
734 964 1.0
505 972 1.0
925 749 1.0
1103 458 1.0
1031 34 1.0
1265 1070 1.0
68 756 1.0
1287 612 1.0
710 748 1.0
603 643 1.0
125 141 1.0
360 343 1.0
194 548 1.0
1119 1150 1.0
486 1197 1.0
1361 669 1.0
949 271 1.0
287 124 1.0
823 625 1.0
173 1 1.0
181 309 1.0
361 382 1.0
713 1047 1.0
237 478 1.0
11 313 1.0
1209 1096 1.0
108 70 1.0
815 1320 1.0
566 1226 1.0
717 340 1.0
415 715 1.0
191 435 1.0
914 692 1.0
583 391 1.0
686 360 1.0
145 93 1.0
688 306 1.0
651 1009 1.0
1191 137 1.0
397 587 1.0
243 1263 1.0
300 187 1.0
724 501 1.0
1132 517 1.0
81 120 1.0
750 568 1.0
1084 67 1.0
859 112 1.0
1359 1187 1.0
718 710 1.0
426 1141 1.0
278 1015 1.0
8 1068 1.0
272 249 1.0
1075 1111 1.0
974 912 1.0
225 494 1.0
956 982 1.0
1153 1179 1.0
424 319 1.0
526 282 1.0
801 1296 1.0
1096 783 1.0
126 178 1.0
637 788 1.0
279 162 1.0
1214 897 1.0
1367 1196 1.0
417 376 1.0
663 623 1.0
423 255 1.0
232 971 1.0
337 397 1.0
816 498 1.0
1237 1070 1.0
148 523 1.0
658 1303 1.0
319 270 1.0
1262 1241 1.0
1099 1268 1.0
1045 179 1.0
1046 510 1.0
1048 1216 1.0
788 832 1.0
444 88 1.0
48 85 1.0
1065 1197 1.0
828 1319 1.0
346 1035 1.0
769 331 1.0
223 956 1.0
668 1357 1.0
719 63 1.0
439 490 1.0
1276 861 1.0
543 682 1.0
1117 941 1.0
831 800 1.0
395 688 1.0
261 1081 1.0
16 530 1.0
1064 1033 1.0
1162 152 1.0
690 724 1.0
1203 867 1.0
995 890 1.0
327 3 1.0
510 351 1.0
247 275 1.0
982 1348 1.0
429 631 1.0
85 126 1.0
1057 135 1.0
759 785 1.0
1266 1097 1.0
868 350 1.0
412 352 1.0
940 1279 1.0
344 564 1.0
175 237 1.0
153 125 1.0
841 92 1.0
31 13 1.0
419 370 1.0
1234 1238 1.0
186 191 1.0
1270 220 1.0
946 770 1.0
456 402 1.0
791 1102 1.0
1330 1170 1.0
182 36 1.0
212 247 1.0
1181 292 1.0
1306 1101 1.0
738 1241 1.0
1005 729 1.0
1176 145 1.0
324 1065 1.0
1356 1194 1.0
273 1339 1.0
709 891 1.0
369 446 1.0
988 1146 1.0
1085 1237 1.0
671 992 1.0
144 301 1.0
986 248 1.0
529 321 1.0
1035 310 1.0
255 684 1.0
289 292 1.0
221 195 1.0
704 547 1.0
101 114 1.0
9 134 1.0
374 219 1.0
1313 1337 1.0
457 503 1.0
1078 765 1.0
390 585 1.0
170 15 1.0
842 568 1.0
935 644 1.0
1155 1128 1.0
1297 693 1.0
1334 177 1.0
1087 1066 1.0
589 251 1.0
752 782 1.0
1313 253 1.0
620 1312 1.0
213 235 1.0
775 709 1.0
446 145 1.0
140 1144 1.0
908 165 1.0
401 78 1.0
936 1254 1.0
1192 289 1.0
210 590 1.0
657 1306 1.0
954 920 1.0
1357 1351 1.0
1210 599 1.0
1211 581 1.0
859 851 1.0
522 363 1.0
1042 1140 1.0
298 1304 1.0
424 396 1.0
968 575 1.0
493 375 1.0
975 1299 1.0
1051 1080 1.0
149 105 1.0
102 180 1.0
59 1269 1.0
1 36 1.0
395 53 1.0
251 26 1.0
721 35 1.0
421 468 1.0
1106 424 1.0
484 325 1.0
50 205 1.0
1009 945 1.0
129 493 1.0
684 629 1.0
349 997 1.0
136 146 1.0
295 305 1.0
1218 1233 1.0
27 106 1.0
323 447 1.0
781 1093 1.0
1256 74 1.0
1172 1200 1.0
820 1159 1.0
523 797 1.0
1357 630 1.0
1212 195 1.0
255 94 1.0
105 253 1.0
458 119 1.0
1001 894 1.0
1331 646 1.0
288 73 1.0
597 799 1.0
597 805 1.0
921 612 1.0
570 748 1.0
331 1173 1.0
1161 90 1.0
952 1099 1.0
809 1291 1.0
774 948 1.0
1223 687 1.0
1063 148 1.0
720 1183 1.0
1003 526 1.0
1326 1308 1.0
698 652 1.0
871 1359 1.0
1325 1299 1.0
216 250 1.0
690 896 1.0
282 986 1.0
131 717 1.0
1261 1081 1.0
517 1179 1.0
111 468 1.0
233 1294 1.0
1080 1202 1.0
644 268 1.0
1049 29 1.0
202 188 1.0
881 118 1.0
460 856 1.0
513 461 1.0
143 37 1.0
211 41 1.0
1322 1208 1.0
587 565 1.0
1295 725 1.0
1236 1213 1.0
268 921 1.0
324 486 1.0
387 1109 1.0
1154 839 1.0
870 1068 1.0
838 28 1.0
596 668 1.0
1053 11 1.0
552 198 1.0
880 1026 1.0
29 42 1.0
854 1330 1.0
222 296 1.0
77 235 1.0
114 1261 1.0
155 76 1.0
879 1353 1.0
590 826 1.0
27 15 1.0
1208 695 1.0
203 50 1.0
1158 841 1.0
562 507 1.0
1126 508 1.0
477 720 1.0
941 778 1.0
643 686 1.0
622 691 1.0
639 681 1.0
340 33 1.0
822 70 1.0
939 855 1.0
189 23 1.0
604 899 1.0
609 1260 1.0
33 1076 1.0
541 288 1.0
878 727 1.0
951 197 1.0
698 707 1.0
92 257 1.0
1060 1107 1.0
160 512 1.0
731 803 1.0
1197 441 1.0
1308 1301 1.0
707 754 1.0
725 781 1.0
682 902 1.0
83 252 1.0
652 754 1.0
122 552 1.0
947 182 1.0
870 1184 1.0
1339 1144 1.0
674 537 1.0
304 184 1.0
1037 1172 1.0
824 1137 1.0
435 471 1.0
320 676 1.0
605 175 1.0
1314 256 1.0
437 779 1.0
479 314 1.0
526 1271 1.0
692 679 1.0
989 833 1.0
764 1077 1.0
665 1356 1.0
94 509 1.0
573 972 1.0
1165 192 1.0
197 170 1.0
1290 594 1.0
1345 566 1.0
1131 41 1.0
635 531 1.0
72 161 1.0
1101 426 1.0
179 25 1.0
852 1341 1.0
25 16 1.0
1031 1067 1.0
204 906 1.0
1013 852 1.0
626 574 1.0
1144 830 1.0
1011 694 1.0
1296 1119 1.0
253 622 1.0
567 751 1.0
1275 620 1.0
416 627 1.0
1000 541 1.0
872 908 1.0
1088 1256 1.0
1263 845 1.0
1257 1294 1.0
529 1350 1.0
565 626 1.0
166 199 1.0
69 415 1.0
685 674 1.0
498 132 1.0
408 1080 1.0
1004 364 1.0
805 615 1.0
107 1350 1.0
549 636 1.0
412 337 1.0
1115 777 1.0
5 95 1.0
467 601 1.0
1130 1126 1.0
953 789 1.0
906 811 1.0
1023 911 1.0
1063 728 1.0
1033 1215 1.0
195 244 1.0
1339 1011 1.0
54 365 1.0
1188 1175 1.0
602 718 1.0
1192 1181 1.0
944 1220 1.0
966 1288 1.0
10 1193 1.0
978 296 1.0
1304 1248 1.0
793 130 1.0
596 1284 1.0
795 143 1.0
649 665 1.0
942 1281 1.0
787 457 1.0
614 1263 1.0
7 40 1.0
1286 539 1.0
1140 1171 1.0
88 1152 1.0
973 287 1.0
694 309 1.0
422 596 1.0
1112 1042 1.0
793 951 1.0
587 639 1.0
608 604 1.0
202 283 1.0
871 749 1.0
782 779 1.0
16 87 1.0
1265 753 1.0
1135 1300 1.0
722 784 1.0
453 1118 1.0
847 1162 1.0
1117 1138 1.0
73 226 1.0
1144 1108 1.0
1220 613 1.0
584 1276 1.0
1020 1025 1.0
1221 1231 1.0
928 735 1.0
503 350 1.0
772 470 1.0
644 1257 1.0
489 504 1.0
519 1177 1.0
1185 1358 1.0
402 806 1.0
559 595 1.0
338 1072 1.0
1071 1239 1.0
516 476 1.0
1010 348 1.0
137 480 1.0
1102 1086 1.0
514 450 1.0
377 521 1.0
1160 401 1.0
436 938 1.0
812 492 1.0
1309 1327 1.0
1038 1093 1.0
844 1344 1.0
1336 857 1.0
839 1176 1.0
1298 1245 1.0
864 791 1.0
519 508 1.0
1305 1131 1.0
430 472 1.0
19 206 1.0
20 353 1.0
224 608 1.0
1029 1360 1.0
127 617 1.0
1362 967 1.0
471 522 1.0
1189 809 1.0
122 756 1.0
586 394 1.0
32 291 1.0
399 384 1.0
1354 533 1.0
617 565 1.0
886 961 1.0
93 450 1.0
1250 1293 1.0
1120 895 1.0
1170 1243 1.0
386 45 1.0
468 577 1.0
622 775 1.0
132 1039 1.0
285 168 1.0
595 695 1.0
291 295 1.0
365 392 1.0
818 1176 1.0
1011 830 1.0
920 936 1.0
901 669 1.0
280 381 1.0
675 686 1.0
1079 274 1.0
21 98 1.0
1139 777 1.0
564 654 1.0
315 534 1.0
1032 135 1.0
89 1203 1.0
826 994 1.0
480 489 1.0
1260 1141 1.0
801 814 1.0
246 207 1.0
926 750 1.0
36 123 1.0
40 160 1.0
383 593 1.0
444 752 1.0
254 990 1.0
553 1217 1.0
819 571 1.0
358 923 1.0
1147 989 1.0
1268 1310 1.0
1002 995 1.0
887 998 1.0
258 96 1.0
1166 308 1.0
628 672 1.0
726 150 1.0
392 736 1.0
1305 211 1.0
390 905 1.0
195 549 1.0
776 937 1.0
172 527 1.0
71 256 1.0
566 533 1.0
612 227 1.0
183 31 1.0
845 1182 1.0
13 1229 1.0
207 231 1.0
290 27 1.0
1259 1090 1.0
982 209 1.0
448 864 1.0
737 751 1.0
659 465 1.0
278 658 1.0
1136 1090 1.0
8 268 1.0
577 608 1.0
82 47 1.0
1281 1325 1.0
986 721 1.0
1202 445 1.0
74 228 1.0
1053 1069 1.0
1097 1204 1.0
269 44 1.0
903 1030 1.0
858 1367 1.0
564 689 1.0
506 1167 1.0
1335 305 1.0
351 586 1.0
599 1250 1.0
1121 805 1.0
1340 1312 1.0
1082 1073 1.0
15 1 1.0
321 174 1.0
68 116 1.0
729 907 1.0
636 1016 1.0
909 1022 1.0
530 634 1.0
817 144 1.0
530 323 1.0
174 1000 1.0
13 1166 1.0
205 391 1.0
549 929 1.0
1095 433 1.0
1211 1092 1.0
46 583 1.0
1292 1110 1.0
933 200 1.0
158 304 1.0
359 557 1.0
1361 906 1.0
989 712 1.0
60 440 1.0
867 500 1.0
687 563 1.0
1268 58 1.0
371 217 1.0
1194 1120 1.0
924 170 1.0
413 365 1.0
468 837 1.0
196 222 1.0
785 1266 1.0
10 133 1.0
855 156 1.0
1090 1097 1.0
782 1094 1.0
829 161 1.0
743 142 1.0
551 561 1.0
154 124 1.0
1302 1309 1.0
460 448 1.0
930 454 1.0
277 980 1.0
794 1133 1.0
1213 151 1.0
225 218 1.0
569 583 1.0
708 776 1.0
514 796 1.0
825 943 1.0
803 875 1.0
245 703 1.0
63 215 1.0
35 838 1.0
368 345 1.0
292 179 1.0
228 216 1.0
666 483 1.0
185 259 1.0
418 1125 1.0
969 810 1.0
996 356 1.0
219 64 1.0
931 232 1.0
386 29 1.0
96 23 1.0
425 377 1.0
1092 344 1.0
200 1361 1.0
154 82 1.0
246 637 1.0
727 1087 1.0
1216 1290 1.0
624 1361 1.0
141 147 1.0
241 933 1.0
878 484 1.0
647 601 1.0
1169 302 1.0
907 900 1.0
206 51 1.0
1076 763 1.0
106 97 1.0
695 1340 1.0
555 358 1.0
455 848 1.0
621 1309 1.0
382 502 1.0
921 970 1.0
956 254 1.0
804 1023 1.0
1157 1113 1.0
271 1271 1.0
1001 704 1.0
436 622 1.0
1012 310 1.0
60 373 1.0
1227 1318 1.0
808 458 1.0
116 804 1.0
917 929 1.0
945 1283 1.0
461 591 1.0
749 1262 1.0
588 832 1.0
1307 266 1.0
1006 181 1.0
238 263 1.0
535 562 1.0
1174 1040 1.0
653 525 1.0
748 916 1.0
1002 853 1.0
736 723 1.0
763 428 1.0
188 22 1.0
604 592 1.0
204 156 1.0
485 1194 1.0
169 664 1.0
509 427 1.0
846 892 1.0
920 1255 1.0
910 697 1.0
1129 477 1.0
385 1048 1.0
187 293 1.0
568 356 1.0
196 22 1.0
1167 1109 1.0
521 439 1.0
891 1042 1.0
1089 1075 1.0
962 238 1.0
521 469 1.0
4 541 1.0
841 817 1.0
1013 1020 1.0
7 334 1.0
934 173 1.0
1200 1102 1.0
1285 44 1.0
428 53 1.0
103 1280 1.0
1015 245 1.0
814 831 1.0
1059 1044 1.0
1157 497 1.0
262 113 1.0
832 799 1.0
297 225 1.0
839 820 1.0
935 265 1.0
1329 1319 1.0
999 1008 1.0
135 336 1.0
1107 835 1.0
252 260 1.0
612 648 1.0
1272 1106 1.0
1038 39 1.0
1189 1030 1.0
966 979 1.0
107 1105 1.0
668 702 1.0
1022 1010 1.0
251 102 1.0
632 1322 1.0
483 987 1.0
165 1003 1.0
1115 1333 1.0
993 1329 1.0
865 854 1.0
899 909 1.0
1316 1138 1.0
1061 757 1.0
38 188 1.0
1293 1321 1.0
441 1151 1.0
1114 1277 1.0
658 676 1.0
1183 1338 1.0
580 368 1.0
392 406 1.0
420 1089 1.0
191 164 1.0
534 1024 1.0
927 1027 1.0
415 332 1.0
810 948 1.0
315 875 1.0
1007 889 1.0
160 129 1.0
161 130 1.0
672 535 1.0
694 432 1.0
283 412 1.0
1054 914 1.0
1054 153 1.0
184 1085 1.0
370 570 1.0
562 846 1.0
840 328 1.0
1346 633 1.0
812 897 1.0
413 705 1.0
778 823 1.0
70 1156 1.0
576 623 1.0
582 584 1.0
731 1066 1.0
49 127 1.0
1329 1169 1.0
268 1287 1.0
18 278 1.0
602 611 1.0
180 1046 1.0
291 671 1.0
1303 703 1.0
322 1059 1.0
1198 128 1.0
319 491 1.0
1257 921 1.0
1029 999 1.0
1003 271 1.0
20 11 1.0
1187 1082 1.0
948 932 1.0
500 133 1.0
664 418 1.0
459 478 1.0
689 257 1.0
959 800 1.0
262 337 1.0
317 362 1.0
848 1164 1.0
634 447 1.0
86 123 1.0
478 412 1.0
1276 1250 1.0
223 245 1.0
403 638 1.0
157 96 1.0
720 886 1.0
62 71 1.0
63 72 1.0
504 802 1.0
201 238 1.0
214 977 1.0
276 167 1.0
919 270 1.0
834 1148 1.0
478 425 1.0
207 588 1.0
123 528 1.0
845 877 1.0
1151 1118 1.0
173 182 1.0
646 1293 1.0
732 496 1.0
229 9 1.0
577 913 1.0
683 678 1.0
261 472 1.0
414 467 1.0
1026 996 1.0
1141 1130 1.0
629 427 1.0
335 314 1.0
1299 79 1.0
1351 657 1.0
896 1213 1.0
1161 1055 1.0
218 106 1.0
1007 510 1.0
83 118 1.0
146 172 1.0
44 213 1.0
494 449 1.0
