*Vertices 1400
1 82.0 967.0
2 1331.0 239.5
3 569.5 949.0
4 1000.5 780.5
5 970.5 900.5
6 82.0 327.0
7 814.5 461.5
8 783.0 152.0
9 811.5 241.5
10 882.5 1188.5
11 146.0 733.5
12 1201.5 613.0
13 1097.0 300.5
14 901.5 1080.0
15 51.0 165.0
16 1266.5 459.0
17 431.0 195.5
18 1298.5 1254.0
19 568.5 54.0
20 752.0 165.0
21 239.5 690.5
22 970.5 50.5
23 1020.5 1006.5
24 340.5 440.0
25 970.5 810.5
26 1270.5 379.0
27 533.5 194.0
28 431.0 1045.5
29 273.0 1220.0
30 1199.5 729.0
31 1146.5 1080.0
32 987.0 14.0
33 881.5 381.5
34 117.5 547.0
35 16.0 130.0
36 881.5 951.5
37 498.5 54.0
38 881.5 276.5
39 269.5 840.5
40 713.5 1152.0
41 180.5 1021.5
42 849.5 461.5
43 910.5 170.5
44 146.5 513.5
45 16.0 60.0
46 783.0 117.0
47 82.5 512.0
48 1097.0 405.5
49 846.5 986.5
50 1366.0 309.5
51 1020.5 331.5
52 901.5 1115.0
53 1132.0 335.5
54 1111.5 475.0
55 361.0 695.5
56 748.5 1257.0
57 636.0 654.0
58 667.5 614.0
59 393.0 1218.5
60 531.0 14.0
61 82.0 397.0
62 284.5 1041.5
63 1132.0 905.5
64 1062.0 125.5
65 940.5 870.5
66 500.5 508.0
67 391.0 14.0
68 358.0 613.5
69 1269.5 694.0
70 305.5 475.0
71 12.5 617.0
72 917.5 513.5
73 47.5 1222.0
74 181.5 1258.5
75 985.5 971.5
76 43.5 426.5
77 181.0 654.0
78 818.5 512.0
79 1009.0 545.0
80 598.0 931.0
81 12.5 582.0
82 1009.0 580.0
83 535.5 613.0
84 1146.5 1115.0
85 1131.5 613.0
86 884.5 461.5
87 910.5 840.5
88 1097.0 1045.5
89 748.5 1152.0
90 1234.5 729.0
91 665.0 344.5
92 1270.5 344.0
93 970.5 110.5
94 985.5 331.5
95 665.0 274.5
96 1097.0 195.5
97 1062.0 335.5
98 466.0 230.5
99 1094.0 1148.5
100 601.0 654.0
101 713.5 1257.0
102 812.0 58.5
103 1301.5 1099.0
104 1299.0 686.0
105 752.0 840.0
106 783.0 82.0
107 466.0 730.5
108 881.5 241.5
109 566.0 14.0
110 940.5 140.5
111 500.5 578.0
112 665.0 1019.5
113 51.0 840.0
114 847.5 513.5
115 181.5 583.5
116 1132.0 125.5
117 670.5 1064.0
118 1062.0 905.5
119 466.0 800.5
120 940.5 80.5
121 410.5 1115.0
122 6.0 654.0
123 375.5 1080.0
124 216.0 14.0
125 499.5 879.0
126 1020.5 971.5
127 811.5 276.5
128 148.5 1101.5
129 270.5 475.0
130 113.5 426.5
131 632.5 1254.0
132 111.0 733.5
133 396.0 765.5
134 284.5 401.5
135 811.5 951.5
136 1236.5 1253.0
137 496.0 654.0
138 709.5 1101.5
139 1231.5 1099.0
140 431.0 300.5
141 534.5 239.0
142 181.0 93.5
143 811.5 381.5
144 358.0 1183.5
145 1235.5 309.0
146 974.0 615.0
147 629.0 121.5
148 183.5 1066.5
149 498.5 89.0
150 779.5 461.5
151 812.0 128.5
152 882.0 733.5
153 568.5 89.0
154 466.0 370.5
155 562.5 509.0
156 1301.5 1064.0
157 1200.5 879.0
158 251.5 513.5
159 361.0 1010.5
160 940.5 200.5
161 1167.0 765.5
162 846.5 346.5
163 1330.0 86.5
164 1368.5 1254.0
165 47.5 1187.0
166 431.0 405.5
167 375.5 1115.0
168 426.0 14.0
169 664.0 121.5
170 410.5 1080.0
171 985.5 1006.5
172 14.0 916.0
173 812.0 803.5
174 670.5 1099.0
175 1366.0 949.5
176 181.5 618.5
177 1024.0 1253.5
178 1022.0 14.0
179 1231.5 1064.0
180 269.5 170.5
181 952.5 548.5
182 209.5 870.5
183 1368.5 509.0
184 299.5 870.5
185 569.5 879.0
186 82.5 1187.0
187 111.0 698.5
188 882.0 198.5
189 1062.0 835.5
190 1132.0 160.5
191 533.5 159.0
192 1270.5 1019.0
193 531.0 654.0
194 847.5 1223.5
195 1024.0 508.5
196 51.0 735.0
197 811.5 1021.5
198 431.0 265.5
199 636.0 14.0
200 396.0 695.5
201 985.5 366.5
202 239.5 840.5
203 752.0 735.0
204 391.0 654.0
205 111.0 768.5
206 465.5 578.0
207 1062.0 90.5
208 783.0 187.0
209 216.5 583.5
210 562.5 1254.0
211 270.5 440.0
212 818.5 1187.0
213 181.0 14.0
214 1059.0 1183.5
215 1371.5 1064.0
216 269.5 690.5
217 323.0 1183.5
218 882.5 548.5
219 1234.5 834.0
220 1270.5 984.0
221 43.5 1101.5
222 882.0 768.5
223 1234.5 124.0
224 1166.5 578.0
225 180.5 241.5
226 51.0 700.0
227 632.5 509.0
228 1132.0 870.5
229 667.5 544.0
230 1132.0 940.5
231 1132.0 975.5
232 750.0 881.0
233 1299.0 186.0
234 664.0 86.5
235 598.0 1001.0
236 216.5 618.5
237 1330.0 121.5
238 251.5 1223.5
239 882.0 698.5
240 111.0 198.5
241 1235.5 274.0
242 750.0 381.0
243 1167.0 695.5
244 393.0 543.5
245 752.0 700.0
246 1371.5 1099.0
247 430.5 508.0
248 987.0 654.0
249 629.0 86.5
250 117.5 582.0
251 146.0 768.5
252 709.5 426.5
253 1166.5 508.0
254 910.5 690.5
255 113.5 1101.5
256 78.5 461.5
257 630.0 344.5
258 148.5 426.5
259 1199.5 834.0
260 812.0 163.5
261 667.5 1219.0
262 630.0 274.5
263 1062.0 870.5
264 396.0 1010.5
265 1062.0 975.5
266 783.0 292.0
267 1062.0 940.5
268 881.5 1021.5
269 82.5 1222.0
270 8.5 461.5
271 117.5 617.0
272 715.0 881.0
273 974.0 1255.0
274 783.0 362.0
275 1076.5 1115.0
276 466.0 55.5
277 535.5 1183.0
278 630.0 1019.5
279 47.5 512.0
280 499.5 949.0
281 1266.5 424.0
282 1131.5 1183.0
283 818.5 1222.0
284 1299.0 116.0
285 717.0 130.0
286 308.0 1220.0
287 426.0 654.0
288 146.0 698.5
289 715.0 381.0
290 340.5 475.0
291 209.5 200.5
292 1097.0 265.5
293 299.5 200.5
294 1022.0 654.0
295 534.5 914.0
296 430.5 578.0
297 1000.5 260.5
298 1298.5 509.0
299 12.5 547.0
300 1201.5 1183.0
301 1333.5 1184.0
302 1132.0 835.5
303 209.5 140.5
304 299.5 140.5
305 1000.5 720.5
306 14.0 986.0
307 299.5 80.5
308 146.0 198.5
309 1024.0 578.5
310 209.5 80.5
311 1062.0 160.5
312 1076.5 1080.0
313 566.0 654.0
314 1111.5 440.0
315 1200.5 949.0
316 952.5 1188.5
317 1236.5 1148.0
318 601.0 14.0
319 717.0 60.0
320 917.5 1223.5
321 1000.5 230.5
322 597.5 1184.0
323 1020.5 366.5
324 216.0 654.0
325 180.5 381.5
326 216.5 1258.5
327 6.0 14.0
328 1263.5 1184.0
329 49.0 241.0
330 1331.0 879.5
331 239.5 170.5
332 180.5 276.5
333 1059.0 613.5
334 305.5 440.0
335 1132.0 90.5
336 180.5 951.5
337 1000.5 750.5
338 323.0 613.5
339 465.5 508.0
340 783.0 722.0
341 533.5 799.0
342 533.5 764.0
343 146.5 1223.5
344 181.0 838.5
345 361.0 765.5
346 496.0 14.0
347 1199.5 124.0
348 1167.0 1010.5
349 882.0 128.5
350 1299.0 326.0
351 849.5 426.5
352 1330.0 156.5
353 1263.5 1219.0
354 744.5 1066.5
355 431.0 370.5
356 1167.0 90.5
357 1232.0 654.0
358 597.5 1219.0
359 1266.5 1099.0
360 480.5 440.0
361 534.5 274.0
362 1234.5 89.0
363 533.5 694.0
364 500.5 1183.0
365 812.0 733.5
366 1132.0 1010.5
367 209.5 170.5
368 846.5 881.5
369 299.5 170.5
370 936.5 475.0
371 717.0 770.0
372 717.0 805.0
373 1299.0 291.0
374 882.0 803.5
375 1333.5 1219.0
376 461.0 654.0
377 1167.0 835.5
378 1368.5 1149.0
379 750.0 986.0
380 1166.5 613.0
381 1299.0 361.0
382 181.5 1188.5
383 239.5 140.5
384 239.5 80.5
385 43.5 461.5
386 1337.0 14.0
387 1368.5 579.0
388 111.0 58.5
389 466.0 405.5
390 568.5 729.0
391 431.0 730.5
392 49.0 311.0
393 145.5 241.5
394 235.5 440.0
395 465.5 613.0
396 1299.0 861.0
397 111.0 803.5
398 396.0 835.5
399 431.0 230.5
400 814.5 426.5
401 308.0 545.0
402 308.0 580.0
403 629.0 831.5
404 1331.0 984.5
405 239.5 200.5
406 1062.0 695.5
407 1199.5 54.0
408 569.5 379.0
409 783.5 547.0
410 818.5 1257.0
411 882.5 1258.5
412 1365.0 726.5
413 82.0 187.0
414 498.5 729.0
415 882.0 58.5
416 1269.5 194.0
417 1266.5 1064.0
418 358.0 1218.5
419 76.0 654.0
420 630.0 309.5
421 1299.0 81.0
422 111.0 128.5
423 361.0 125.5
424 667.5 1184.0
425 396.0 90.5
426 974.0 1185.0
427 82.5 1257.0
428 319.5 971.5
429 393.0 613.5
430 664.0 831.5
431 632.5 579.0
432 466.0 300.5
433 1094.0 578.5
434 1299.0 756.0
435 1041.5 440.0
436 1299.0 791.0
437 1270.5 949.0
438 847.0 654.0
439 748.5 512.0
440 49.0 1021.0
441 431.0 800.5
442 632.5 1149.0
443 82.0 722.0
444 882.5 583.5
445 396.0 160.5
446 818.5 1152.0
447 1231.5 459.0
448 779.5 426.5
449 14.0 381.0
450 970.5 260.5
451 216.5 548.5
452 1132.0 695.5
453 361.0 335.5
454 499.5 984.0
455 319.5 331.5
456 146.0 58.5
457 51.0 95.0
458 598.0 396.0
459 1299.0 1036.0
460 1199.5 89.0
461 361.0 905.5
462 1097.0 370.5
463 752.0 95.0
464 1301.5 459.0
465 717.0 200.0
466 1200.5 1019.0
467 1167.0 870.5
468 82.5 1152.0
469 1167.0 975.5
470 713.5 512.0
471 940.5 690.5
472 1167.0 940.5
473 1331.0 379.5
474 1094.0 508.5
475 1197.0 654.0
476 14.0 881.0
477 847.0 93.5
478 393.0 1183.5
479 917.0 654.0
480 1181.5 1115.0
481 1235.5 914.0
482 1371.5 424.0
483 598.0 721.0
484 499.5 1019.0
485 1092.0 14.0
486 146.0 128.5
487 884.5 426.5
488 284.5 296.5
489 630.0 949.5
490 110.5 1021.5
491 1365.0 691.5
492 1299.0 966.0
493 664.0 51.5
494 1097.0 800.5
495 882.5 618.5
496 597.5 544.0
497 1263.5 544.0
498 284.5 936.5
499 286.0 14.0
500 209.5 840.5
501 396.0 975.5
502 670.5 459.0
503 299.5 840.5
504 396.0 940.5
505 430.5 613.0
506 970.5 750.5
507 1299.0 826.0
508 1062.0 1010.5
509 396.0 870.5
510 146.0 803.5
511 82.0 292.0
512 1200.5 984.0
513 145.5 951.5
514 1097.0 230.5
515 145.5 276.5
516 8.5 1101.5
517 1234.5 54.0
518 82.0 362.0
519 1097.0 730.5
520 715.0 986.0
521 145.5 381.5
522 1298.5 1149.0
523 1167.0 160.5
524 970.5 230.5
525 1181.5 1080.0
526 1059.0 543.5
527 629.0 51.5
528 466.0 1045.5
529 323.0 543.5
530 569.5 344.0
531 113.5 461.5
532 1333.5 544.0
533 598.0 896.0
534 78.5 1101.5
535 1365.0 796.5
536 466.0 195.5
537 1365.0 761.5
538 239.5 870.5
539 970.5 720.5
540 1298.5 579.0
541 1236.5 1218.0
542 319.5 1006.5
543 200.5 1080.0
544 1231.5 424.0
545 430.5 1183.0
546 750.0 916.0
547 361.0 835.5
548 952.5 618.5
549 76.0 14.0
550 783.0 397.0
551 1000.5 50.5
552 181.5 548.5
553 535.5 578.0
554 1006.5 1080.0
555 1000.5 810.5
556 1131.5 578.0
557 1365.0 191.5
558 111.0 163.5
559 1301.5 424.0
560 1200.5 344.0
561 396.0 125.5
562 269.5 80.5
563 846.5 916.5
564 445.5 1080.0
565 361.0 90.5
566 269.5 140.5
567 1299.0 221.0
568 847.5 1153.5
569 849.5 1101.5
570 82.0 117.0
571 16.0 200.0
572 1024.0 1148.5
573 748.5 1187.0
574 319.5 366.5
575 847.0 14.0
576 970.5 780.5
577 1000.5 900.5
578 1132.0 765.5
579 569.5 984.0
580 882.0 163.5
581 1232.0 14.0
582 952.5 583.5
583 1236.5 543.0
584 1371.5 459.0
585 1167.0 125.5
586 251.5 1153.5
587 200.5 1115.0
588 145.5 1021.5
589 269.5 200.5
590 1330.0 51.5
591 1006.5 1115.0
592 47.5 1152.0
593 1094.0 1253.5
594 910.5 870.5
595 499.5 344.0
596 670.5 424.0
597 665.0 309.5
598 445.5 1115.0
599 110.5 276.5
600 82.0 152.0
601 713.5 1222.0
602 110.5 951.5
603 49.0 276.0
604 461.0 14.0
605 110.5 381.5
606 1331.0 914.5
607 569.5 1019.0
608 49.0 346.0
609 358.0 543.5
610 940.5 170.5
611 783.0 967.0
612 1270.5 879.0
613 1337.0 654.0
614 431.0 55.5
615 1201.5 578.0
616 783.0 327.0
617 1269.5 159.0
618 814.5 1101.5
619 47.5 1257.0
620 1269.5 764.0
621 664.0 156.5
622 1167.0 905.5
623 1269.5 799.0
624 146.0 163.5
625 1092.0 654.0
626 1366.0 1019.5
627 812.0 768.5
628 1200.5 379.0
629 568.5 124.0
630 910.5 140.5
631 361.0 975.5
632 361.0 940.5
633 480.5 475.0
634 952.5 1258.5
635 286.0 654.0
636 361.0 870.5
637 971.5 1115.0
638 498.5 124.0
639 910.5 80.5
640 1009.0 1220.0
641 1299.0 46.0
642 936.5 440.0
643 465.5 1183.0
644 598.0 151.0
645 1366.0 274.5
646 629.0 156.5
647 748.5 1222.0
648 812.0 698.5
649 216.5 1188.5
650 1366.0 344.5
651 1167.0 335.5
652 940.5 840.5
653 846.5 311.5
654 1201.5 508.0
655 598.0 256.0
656 16.0 770.0
657 16.0 805.0
658 534.5 309.0
659 1000.5 110.5
660 779.5 1101.5
661 78.5 426.5
662 148.5 461.5
663 466.0 265.5
664 500.5 613.0
665 709.5 461.5
666 812.0 198.5
667 235.5 475.0
668 110.5 241.5
669 665.0 949.5
670 715.0 916.0
671 361.0 160.5
672 273.0 580.0
673 1235.5 239.0
674 273.0 545.0
675 146.5 1153.5
676 8.5 426.5
677 535.5 508.0
678 49.0 951.0
679 1131.5 508.0
680 1097.0 55.5
681 971.5 1080.0
682 323.0 1218.5
683 597.5 614.0
684 1059.0 1218.5
685 1263.5 614.0
686 209.5 690.5
687 396.0 335.5
688 299.5 690.5
689 498.5 834.0
690 269.5 870.5
691 396.0 905.5
692 1330.0 831.5
693 783.5 582.0
694 910.5 200.5
695 562.5 579.0
696 82.0 82.0
697 884.5 1101.5
698 917.0 14.0
699 713.5 1187.0
700 1166.5 1183.0
701 1197.0 14.0
702 1041.5 475.0
703 562.5 1149.0
704 499.5 379.0
705 847.0 838.5
706 917.5 1153.5
707 568.5 834.0
708 783.5 617.0
709 1062.0 765.5
710 1333.5 614.0
711 635.5 1064.0
712 430.5 1253.0
713 361.0 370.5
714 269.5 750.5
715 1097.0 905.5
716 847.0 768.5
717 466.0 1010.5
718 1200.5 239.0
719 78.5 1066.5
720 181.0 163.5
721 251.5 548.5
722 936.5 1115.0
723 974.0 545.0
724 974.0 580.0
725 209.5 810.5
726 299.5 810.5
727 1330.0 796.5
728 971.5 440.0
729 1330.0 761.5
730 323.0 578.5
731 82.0 932.0
732 299.5 50.5
733 8.5 1066.5
734 110.5 916.5
735 1059.0 578.5
736 209.5 50.5
737 1062.0 1045.5
738 562.5 1184.0
739 881.5 986.5
740 847.0 698.5
741 269.5 720.5
742 1132.0 405.5
743 952.5 513.5
744 1199.5 694.0
745 1330.0 691.5
746 1062.0 195.5
747 269.5 230.5
748 1097.0 335.5
749 41.0 654.0
750 209.5 900.5
751 299.5 900.5
752 1024.0 613.5
753 717.0 700.0
754 308.0 1185.0
755 396.0 55.5
756 811.5 346.5
757 565.5 424.0
758 1366.0 984.5
759 14.0 276.0
760 664.0 191.5
761 361.0 230.5
762 847.0 198.5
763 1372.0 14.0
764 14.0 346.0
765 361.0 730.5
766 16.0 840.0
767 1235.5 379.0
768 635.5 1099.0
769 846.5 276.5
770 269.5 260.5
771 630.0 239.5
772 846.5 951.5
773 1167.0 55.5
774 882.5 1223.5
775 530.5 459.0
776 846.5 381.5
777 181.5 1153.5
778 936.5 1080.0
779 600.5 424.0
780 12.5 1152.0
781 629.0 191.5
782 534.5 879.0
783 533.5 54.0
784 713.5 582.0
785 431.0 125.5
786 568.5 194.0
787 717.0 735.0
788 713.5 617.0
789 498.5 194.0
790 847.5 548.5
791 598.0 221.0
792 500.5 1148.0
793 1269.5 729.0
794 284.5 366.5
795 361.0 800.5
796 812.0 838.5
797 783.5 1187.0
798 499.5 239.0
799 1132.0 300.5
800 777.0 14.0
801 707.0 654.0
802 110.5 311.5
803 1094.0 543.5
804 1302.0 14.0
805 1336.5 459.0
806 466.0 695.5
807 12.5 1257.0
808 1201.5 1218.0
809 910.5 230.5
810 146.5 548.5
811 752.0 60.0
812 533.5 89.0
813 465.5 1253.0
814 1234.5 694.0
815 910.5 720.5
816 431.0 335.5
817 1270.5 309.0
818 748.5 582.0
819 358.0 1253.5
820 431.0 905.5
821 145.5 881.5
822 811.5 986.5
823 1009.0 615.0
824 51.0 60.0
825 748.5 617.0
826 881.5 346.5
827 209.5 110.5
828 1057.0 14.0
829 1181.5 475.0
830 299.5 110.5
831 82.0 222.0
832 1330.0 726.5
833 812.0 14.0
834 1062.0 300.5
835 917.5 548.5
836 665.0 879.5
837 910.5 750.5
838 742.0 654.0
839 200.5 440.0
840 323.0 508.5
841 1196.5 424.0
842 1097.0 125.5
843 1366.0 379.5
844 1059.0 508.5
845 495.5 424.0
846 1333.5 1254.0
847 51.0 130.0
848 1000.5 690.5
849 1006.5 440.0
850 598.0 46.0
851 569.5 914.0
852 1132.0 1045.5
853 1299.0 151.0
854 1365.0 156.5
855 1131.5 1218.0
856 752.0 130.0
857 1024.0 1183.5
858 783.5 1222.0
859 1235.5 344.0
860 1062.0 405.5
861 445.5 440.0
862 1132.0 195.5
863 910.5 260.5
864 535.5 1218.0
865 744.5 1101.5
866 14.0 951.0
867 1166.5 1253.0
868 1263.5 1254.0
869 1299.0 256.0
870 597.5 1254.0
871 846.5 241.5
872 16.0 165.0
873 239.5 780.5
874 82.0 827.0
875 1200.5 914.0
876 1336.5 424.0
877 396.0 730.5
878 145.5 311.5
879 431.0 835.5
880 598.0 861.0
881 1365.0 831.5
882 396.0 230.5
883 884.5 1066.5
884 1372.0 654.0
885 1236.5 578.0
886 1270.5 274.0
887 1263.5 509.0
888 1062.0 265.5
889 1000.5 170.5
890 629.0 726.5
891 181.0 58.5
892 597.5 509.0
893 1366.0 914.5
894 748.5 547.0
895 500.5 1253.0
896 239.5 750.5
897 750.0 241.0
898 598.0 81.0
899 323.0 1253.5
900 1235.5 984.0
901 284.5 971.5
902 431.0 90.5
903 251.5 1188.5
904 1167.0 370.5
905 1059.0 1253.5
906 1020.5 401.5
907 466.0 765.5
908 239.5 230.5
909 110.5 881.5
910 598.0 791.0
911 1181.5 440.0
912 707.0 14.0
913 1333.5 509.0
914 598.0 756.0
915 1097.0 870.5
916 985.5 1041.5
917 1201.5 543.0
918 664.0 726.5
919 1298.5 1184.0
920 1097.0 975.5
921 777.0 654.0
922 1097.0 940.5
923 812.0 93.5
924 239.5 720.5
925 783.5 512.0
926 970.5 870.5
927 396.0 800.5
928 783.0 897.0
929 82.0 1002.0
930 598.0 326.0
931 783.0 47.0
932 183.5 461.5
933 200.5 475.0
934 82.0 862.0
935 358.0 508.5
936 779.5 1066.5
937 1196.5 459.0
938 396.0 370.5
939 568.5 159.0
940 495.5 459.0
941 239.5 260.5
942 181.0 128.5
943 498.5 159.0
944 535.5 543.0
945 665.0 239.5
946 1167.0 800.5
947 1131.5 543.0
948 847.5 1188.5
949 910.5 780.5
950 940.5 900.5
951 1006.5 475.0
952 14.0 1021.0
953 393.0 1148.5
954 180.5 346.5
955 14.0 311.0
956 598.0 291.0
957 783.0 757.0
958 1167.0 230.5
959 445.5 475.0
960 181.0 803.5
961 717.0 165.0
962 598.0 361.0
963 534.5 949.0
964 1097.0 160.5
965 430.5 1148.0
966 1167.0 730.5
967 1235.5 1019.0
968 361.0 55.5
969 117.5 1257.0
970 82.0 792.0
971 499.5 914.0
972 940.5 50.5
973 940.5 810.5
974 41.0 14.0
975 1299.0 721.0
976 235.5 1080.0
977 814.5 1066.5
978 319.5 296.5
979 1097.0 90.5
980 82.0 257.0
981 970.5 200.5
982 598.0 966.0
983 629.0 691.5
984 917.5 1188.5
985 319.5 936.5
986 664.0 761.5
987 952.5 1223.5
988 431.0 940.5
989 145.5 916.5
990 480.5 1115.0
991 431.0 975.5
992 664.0 796.5
993 971.5 475.0
994 598.0 826.0
995 358.0 578.5
996 847.0 733.5
997 431.0 870.5
998 1166.5 1148.0
999 49.0 881.0
1000 632.5 1184.0
1001 16.0 700.0
1002 117.5 1152.0
1003 498.5 764.0
1004 1097.0 835.5
1005 498.5 799.0
1006 49.0 381.0
1007 1094.0 1218.5
1008 667.5 579.0
1009 664.0 691.5
1010 1041.5 1080.0
1011 568.5 764.0
1012 568.5 799.0
1013 1365.0 51.5
1014 1299.0 896.0
1015 629.0 761.5
1016 667.5 1149.0
1017 1269.5 124.0
1018 629.0 796.5
1019 565.5 459.0
1020 146.5 1188.5
1021 630.0 879.5
1022 273.0 1185.0
1023 284.5 1006.5
1024 431.0 160.5
1025 783.0 687.0
1026 1330.0 191.5
1027 1236.5 508.0
1028 744.5 426.5
1029 1302.0 654.0
1030 849.5 1066.5
1031 216.5 1153.5
1032 235.5 1115.0
1033 1269.5 834.0
1034 569.5 239.0
1035 1000.5 840.5
1036 1331.0 274.5
1037 480.5 1080.0
1038 717.0 840.0
1039 1132.0 265.5
1040 284.5 331.5
1041 530.5 424.0
1042 940.5 110.5
1043 1331.0 344.5
1044 1299.0 396.0
1045 713.5 547.0
1046 600.5 459.0
1047 269.5 780.5
1048 598.0 1036.0
1049 82.0 1037.0
1050 715.0 241.0
1051 985.5 401.5
1052 882.5 513.5
1053 1020.5 1041.5
1054 970.5 140.5
1055 16.0 735.0
1056 1009.0 1255.0
1057 180.5 986.5
1058 742.0 14.0
1059 812.0 654.0
1060 465.5 1148.0
1061 1368.5 1184.0
1062 970.5 80.5
1063 1057.0 654.0
1064 846.5 1021.5
1065 1331.0 1019.5
1066 1041.5 1115.0
1067 1298.5 544.0
1068 783.0 792.0
1069 1062.0 370.5
1070 533.5 729.0
1071 1000.5 870.5
1072 534.5 1019.0
1073 180.5 311.5
1074 1333.5 579.0
1075 1009.0 1185.0
1076 181.0 768.5
1077 1024.0 1218.5
1078 847.0 163.5
1079 1111.5 1080.0
1080 1076.5 440.0
1081 82.0 757.0
1082 117.5 1187.0
1083 630.0 984.5
1084 1235.5 949.0
1085 1269.5 54.0
1086 111.0 14.0
1087 598.0 186.0
1088 1199.5 194.0
1089 1368.5 1219.0
1090 562.5 614.0
1091 1299.0 1001.0
1092 1333.5 1149.0
1093 970.5 170.5
1094 361.0 1045.5
1095 530.5 1064.0
1096 181.0 698.5
1097 305.5 1080.0
1098 361.0 195.5
1099 1263.5 579.0
1100 597.5 579.0
1101 251.0 14.0
1102 665.0 914.5
1103 783.0 862.0
1104 183.5 1101.5
1105 1167.0 265.5
1106 82.0 47.0
1107 597.5 1149.0
1108 1331.0 309.5
1109 1365.0 86.5
1110 1263.5 1149.0
1111 181.0 198.5
1112 715.0 311.0
1113 466.0 335.5
1114 273.0 1255.0
1115 1062.0 230.5
1116 910.5 50.5
1117 498.5 694.0
1118 1162.0 654.0
1119 632.5 1219.0
1120 430.5 1218.0
1121 783.0 1002.0
1122 148.5 1066.5
1123 82.0 897.0
1124 910.5 810.5
1125 709.5 1066.5
1126 1062.0 730.5
1127 269.5 110.5
1128 1127.0 654.0
1129 534.5 984.0
1130 901.5 475.0
1131 216.5 513.5
1132 396.0 265.5
1133 1111.5 1115.0
1134 568.5 694.0
1135 431.0 695.5
1136 321.0 14.0
1137 305.5 1115.0
1138 530.5 1099.0
1139 1236.5 613.0
1140 145.5 346.5
1141 910.5 900.5
1142 940.5 780.5
1143 881.5 881.5
1144 146.0 838.5
1145 1062.0 800.5
1146 466.0 905.5
1147 16.0 95.0
1148 882.0 14.0
1149 1146.5 475.0
1150 1366.0 239.5
1151 1097.0 1010.5
1152 181.5 1223.5
1153 882.5 1153.5
1154 635.5 459.0
1155 715.0 1021.0
1156 117.5 1222.0
1157 82.5 617.0
1158 1132.0 230.5
1159 750.0 311.0
1160 1132.0 730.5
1161 1267.0 14.0
1162 632.5 544.0
1163 180.5 916.5
1164 82.5 582.0
1165 783.0 1037.0
1166 667.5 509.0
1167 1331.0 949.5
1168 308.0 615.0
1169 1270.5 914.0
1170 1131.5 1253.0
1171 393.0 1253.5
1172 818.5 582.0
1173 535.5 1253.0
1174 12.5 512.0
1175 356.0 654.0
1176 1234.5 194.0
1177 410.5 475.0
1178 1200.5 274.0
1179 1132.0 800.5
1180 466.0 125.5
1181 146.0 14.0
1182 818.5 617.0
1183 1336.5 1099.0
1184 882.0 838.5
1185 299.5 260.5
1186 82.0 687.0
1187 209.5 260.5
1188 1166.5 1218.0
1189 270.5 1115.0
1190 750.0 1021.0
1191 1000.5 200.5
1192 361.0 300.5
1193 1000.5 140.5
1194 299.5 720.5
1195 14.0 241.0
1196 209.5 720.5
1197 1201.5 1253.0
1198 1132.0 370.5
1199 1368.5 544.0
1200 1000.5 80.5
1201 47.5 547.0
1202 431.0 1010.5
1203 465.5 1218.0
1204 269.5 900.5
1205 299.5 230.5
1206 209.5 230.5
1207 111.0 838.5
1208 1298.5 1219.0
1209 499.5 274.0
1210 569.5 309.0
1211 671.0 14.0
1212 970.5 840.5
1213 1059.0 1148.5
1214 598.0 116.0
1215 209.5 750.5
1216 323.0 1148.5
1217 1269.5 89.0
1218 299.5 750.5
1219 500.5 543.0
1220 49.0 986.0
1221 630.0 379.5
1222 910.5 110.5
1223 375.5 475.0
1224 361.0 405.5
1225 1097.0 695.5
1226 269.5 810.5
1227 270.5 1080.0
1228 269.5 50.5
1229 1336.5 1064.0
1230 952.0 654.0
1231 145.5 986.5
1232 811.5 881.5
1233 783.0 257.0
1234 1167.0 1045.5
1235 1200.5 309.0
1236 917.5 583.5
1237 1166.5 543.0
1238 183.5 426.5
1239 209.5 780.5
1240 1162.0 14.0
1241 299.5 780.5
1242 1298.5 614.0
1243 1167.0 195.5
1244 361.0 265.5
1245 750.0 951.0
1246 562.5 544.0
1247 665.0 984.5
1248 847.0 58.5
1249 1127.0 14.0
1250 847.5 1258.5
1251 783.5 1257.0
1252 273.0 615.0
1253 466.0 160.5
1254 1235.5 879.0
1255 818.5 547.0
1256 1024.0 543.5
1257 319.5 1041.5
1258 410.5 440.0
1259 146.5 583.5
1260 82.5 547.0
1261 321.0 654.0
1262 630.0 914.5
1263 146.0 93.5
1264 534.5 379.0
1265 495.5 1064.0
1266 1299.0 931.0
1267 882.0 654.0
1268 1196.5 1064.0
1269 1199.5 159.0
1270 466.0 940.5
1271 1020.5 936.5
1272 466.0 975.5
1273 881.5 916.5
1274 466.0 870.5
1275 393.0 508.5
1276 1094.0 1183.5
1277 847.0 128.5
1278 239.5 110.5
1279 51.0 770.0
1280 51.0 805.0
1281 811.5 311.5
1282 117.5 512.0
1283 1020.5 296.5
1284 917.5 618.5
1285 500.5 1218.0
1286 111.0 654.0
1287 1097.0 765.5
1288 715.0 276.0
1289 251.0 654.0
1290 358.0 1148.5
1291 396.0 195.5
1292 47.5 617.0
1293 251.5 1258.5
1294 847.0 803.5
1295 715.0 346.0
1296 752.0 805.0
1297 752.0 770.0
1298 375.5 440.0
1299 783.0 932.0
1300 465.5 543.0
1301 396.0 1045.5
1302 569.5 274.0
1303 47.5 582.0
1304 499.5 309.0
1305 1234.5 764.0
1306 667.5 1254.0
1307 1062.0 55.5
1308 1196.5 1099.0
1309 1234.5 799.0
1310 495.5 1099.0
1311 110.5 986.5
1312 12.5 1222.0
1313 146.5 618.5
1314 113.5 1066.5
1315 985.5 936.5
1316 744.5 461.5
1317 1365.0 121.5
1318 783.0 827.0
1319 565.5 1099.0
1320 940.5 750.5
1321 1234.5 159.0
1322 671.0 654.0
1323 985.5 296.5
1324 534.5 344.0
1325 1076.5 475.0
1326 1366.0 879.5
1327 111.0 93.5
1328 1094.0 613.5
1329 1167.0 300.5
1330 632.5 614.0
1331 181.0 733.5
1332 393.0 578.5
1333 847.5 618.5
1334 600.5 1064.0
1335 750.0 276.0
1336 340.5 1115.0
1337 396.0 405.5
1338 180.5 881.5
1339 1201.5 1148.0
1340 940.5 720.5
1341 750.0 346.0
1342 1270.5 239.0
1343 251.5 583.5
1344 1236.5 1183.0
1345 952.0 14.0
1346 1132.0 55.5
1347 952.5 1153.5
1348 533.5 834.0
1349 43.5 1066.5
1350 940.5 230.5
1351 1199.5 799.0
1352 308.0 1255.0
1353 1199.5 764.0
1354 783.0 222.0
1355 565.5 1064.0
1356 533.5 124.0
1357 535.5 1148.0
1358 1167.0 405.5
1359 811.5 916.5
1360 783.5 1152.0
1361 1131.5 1148.0
1362 239.5 900.5
1363 1368.5 614.0
1364 181.5 513.5
1365 49.0 916.0
1366 562.5 1219.0
1367 847.5 583.5
1368 715.0 951.0
1369 917.5 1258.5
1370 598.0 686.0
1371 51.0 200.0
1372 881.5 311.5
1373 901.5 440.0
1374 466.0 835.5
1375 1267.0 654.0
1376 940.5 260.5
1377 752.0 200.0
1378 251.5 618.5
1379 239.5 50.5
1380 970.5 690.5
1381 356.0 14.0
1382 12.5 1187.0
1383 717.0 95.0
1384 340.5 1080.0
1385 216.5 1223.5
1386 665.0 379.5
1387 110.5 346.5
1388 239.5 810.5
1389 600.5 1099.0
1390 319.5 401.5
1391 431.0 765.5
1392 1146.5 440.0
1393 882.0 93.5
1394 430.5 543.0
1395 974.0 1220.0
1396 396.0 300.5
1397 146.5 1258.5
1398 635.5 424.0
1399 466.0 90.5
1400 146.0 654.0
*Edges
1268 179 1.0
1334 711 1.0
651 904 1.0
713 938 1.0
245 203 1.0
476 999 1.0
1355 1319 1.0
845 360 1.0
501 264 1.0
248 848 1.0
670 546 1.0
486 624 1.0
1292 1157 1.0
1041 757 1.0
1145 494 1.0
1099 540 1.0
504 501 1.0
443 1081 1.0
414 1003 1.0
834 13 1.0
961 465 1.0
973 25 1.0
267 922 1.0
740 239 1.0
1062 93 1.0
764 608 1.0
1047 1241 1.0
576 25 1.0
783 812 1.0
956 420 1.0
100 57 1.0
373 350 1.0
285 856 1.0
1380 848 1.0
397 510 1.0
352 854 1.0
1395 640 1.0
1179 302 1.0
120 1062 1.0
933 1131 1.0
741 1194 1.0
797 212 1.0
25 555 1.0
80 982 1.0
956 930 1.0
661 61 1.0
815 1340 1.0
1241 726 1.0
341 1012 1.0
737 88 1.0
272 232 1.0
513 336 1.0
1263 486 1.0
703 738 1.0
91 1386 1.0
750 1362 1.0
141 1034 1.0
266 1159 1.0
1286 1400 1.0
1199 387 1.0
979 335 1.0
894 409 1.0
441 879 1.0
627 173 1.0
1310 1138 1.0
65 926 1.0
1114 1352 1.0
1203 1285 1.0
577 1271 1.0
957 1068 1.0
609 244 1.0
1287 494 1.0
201 1051 1.0
523 1243 1.0
1349 719 1.0
388 456 1.0
643 364 1.0
1225 519 1.0
243 966 1.0
72 835 1.0
872 571 1.0
635 1261 1.0
59 1171 1.0
1034 1302 1.0
822 197 1.0
1266 1167 1.0
1063 625 1.0
777 382 1.0
954 325 1.0
556 224 1.0
224 380 1.0
1203 813 1.0
1217 1017 1.0
638 1356 1.0
1285 864 1.0
1340 539 1.0
724 146 1.0
81 1303 1.0
266 616 1.0
1370 100 1.0
1085 1217 1.0
24 1298 1.0
853 233 1.0
566 180 1.0
1291 17 1.0
1074 387 1.0
578 161 1.0
768 174 1.0
614 902 1.0
110 610 1.0
426 1395 1.0
258 662 1.0
855 1188 1.0
562 1127 1.0
842 964 1.0
264 1202 1.0
1166 229 1.0
1331 1076 1.0
231 366 1.0
589 293 1.0
997 1274 1.0
77 324 1.0
841 544 1.0
1324 530 1.0
719 534 1.0
629 939 1.0
570 600 1.0
785 1180 1.0
191 27 1.0
1202 717 1.0
702 1325 1.0
859 767 1.0
579 607 1.0
751 985 1.0
787 203 1.0
20 1377 1.0
361 1302 1.0
1168 1261 1.0
51 323 1.0
1022 29 1.0
49 739 1.0
154 389 1.0
771 262 1.0
1226 39 1.0
758 626 1.0
422 486 1.0
445 1024 1.0
397 1207 1.0
60 109 1.0
1259 1313 1.0
470 439 1.0
383 566 1.0
163 1109 1.0
652 1212 1.0
309 752 1.0
590 163 1.0
897 1335 1.0
809 863 1.0
375 1089 1.0
187 288 1.0
687 938 1.0
554 591 1.0
252 1028 1.0
1093 981 1.0
1030 569 1.0
764 449 1.0
13 748 1.0
891 142 1.0
125 971 1.0
189 263 1.0
953 478 1.0
874 934 1.0
1122 148 1.0
1096 1331 1.0
45 824 1.0
718 1178 1.0
111 553 1.0
321 297 1.0
343 1152 1.0
1095 1138 1.0
522 919 1.0
1131 451 1.0
1315 75 1.0
483 914 1.0
649 1385 1.0
565 425 1.0
570 847 1.0
254 815 1.0
711 117 1.0
94 201 1.0
984 320 1.0
64 842 1.0
472 469 1.0
638 943 1.0
895 1173 1.0
1043 473 1.0
371 372 1.0
456 891 1.0
1252 1168 1.0
144 418 1.0
535 881 1.0
901 428 1.0
212 283 1.0
1308 480 1.0
1373 1130 1.0
142 942 1.0
568 948 1.0
236 1378 1.0
269 1156 1.0
1360 797 1.0
1360 446 1.0
398 879 1.0
252 665 1.0
353 1208 1.0
823 248 1.0
819 1171 1.0
87 652 1.0
956 1210 1.0
451 209 1.0
1305 1309 1.0
1095 1355 1.0
133 1391 1.0
661 256 1.0
1247 112 1.0
129 70 1.0
44 1364 1.0
70 290 1.0
1277 1078 1.0
976 1227 1.0
618 569 1.0
345 133 1.0
1235 560 1.0
165 73 1.0
415 1393 1.0
1330 58 1.0
947 1237 1.0
730 995 1.0
131 1306 1.0
1258 861 1.0
364 277 1.0
909 734 1.0
540 1074 1.0
937 829 1.0
1231 588 1.0
195 844 1.0
209 1343 1.0
558 624 1.0
998 480 1.0
1 929 1.0
1038 105 1.0
205 397 1.0
1032 1031 1.0
148 1104 1.0
646 781 1.0
343 1397 1.0
170 564 1.0
1151 88 1.0
654 917 1.0
1288 1112 1.0
1168 338 1.0
1116 639 1.0
1368 1245 1.0
1154 502 1.0
587 1032 1.0
466 967 1.0
1081 205 1.0
575 1148 1.0
409 1255 1.0
404 758 1.0
839 394 1.0
1301 28 1.0
231 469 1.0
704 1264 1.0
328 919 1.0
623 1033 1.0
947 556 1.0
263 118 1.0
1385 326 1.0
567 869 1.0
871 769 1.0
967 192 1.0
127 769 1.0
1392 911 1.0
62 1097 1.0
778 722 1.0
922 920 1.0
214 1276 1.0
1336 167 1.0
489 1083 1.0
79 82 1.0
939 786 1.0
23 1053 1.0
749 419 1.0
1298 1223 1.0
203 1297 1.0
384 1278 1.0
805 913 1.0
73 619 1.0
532 1199 1.0
1082 1156 1.0
958 1105 1.0
371 1297 1.0
431 1330 1.0
96 514 1.0
538 1362 1.0
391 1391 1.0
1299 135 1.0
1387 605 1.0
1242 710 1.0
1055 656 1.0
608 1006 1.0
515 332 1.0
132 205 1.0
272 670 1.0
141 361 1.0
1112 1295 1.0
988 991 1.0
684 905 1.0
1266 1169 1.0
31 525 1.0
327 974 1.0
892 496 1.0
942 720 1.0
617 416 1.0
454 1129 1.0
844 526 1.0
510 960 1.0
462 48 1.0
1379 1228 1.0
616 274 1.0
1031 586 1.0
156 1229 1.0
235 1048 1.0
1351 1309 1.0
488 978 1.0
946 377 1.0
690 184 1.0
454 484 1.0
718 673 1.0
159 1094 1.0
987 634 1.0
605 521 1.0
94 51 1.0
487 1373 1.0
247 339 1.0
208 1354 1.0
174 138 1.0
267 265 1.0
1067 532 1.0
837 949 1.0
505 395 1.0
693 708 1.0
407 517 1.0
1097 1384 1.0
589 747 1.0
1118 475 1.0
1305 620 1.0
122 749 1.0
303 383 1.0
467 622 1.0
446 212 1.0
735 433 1.0
108 38 1.0
1066 572 1.0
299 1201 1.0
204 287 1.0
351 487 1.0
655 956 1.0
232 546 1.0
1120 1203 1.0
1302 1210 1.0
1099 685 1.0
1269 1088 1.0
701 581 1.0
1282 34 1.0
671 1098 1.0
99 1276 1.0
1061 1089 1.0
223 1017 1.0
385 256 1.0
827 303 1.0
241 886 1.0
708 921 1.0
1320 506 1.0
725 1388 1.0
770 1185 1.0
656 1279 1.0
301 1061 1.0
684 1007 1.0
857 1077 1.0
1339 300 1.0
506 576 1.0
146 823 1.0
1092 378 1.0
277 864 1.0
733 516 1.0
1047 1226 1.0
1344 541 1.0
36 739 1.0
179 139 1.0
699 573 1.0
1036 645 1.0
12 1139 1.0
1029 613 1.0
602 1311 1.0
606 1167 1.0
285 961 1.0
1262 1102 1.0
917 583 1.0
907 119 1.0
619 427 1.0
1332 429 1.0
653 162 1.0
1388 202 1.0
1077 684 1.0
620 623 1.0
1204 751 1.0
566 304 1.0
1278 383 1.0
754 217 1.0
599 802 1.0
62 1257 1.0
335 116 1.0
47 1260 1.0
1118 243 1.0
1356 191 1.0
935 609 1.0
399 98 1.0
40 699 1.0
998 700 1.0
97 1069 1.0
1094 1301 1.0
509 691 1.0
380 12 1.0
1058 800 1.0
1115 888 1.0
492 1091 1.0
450 297 1.0
69 793 1.0
774 320 1.0
525 480 1.0
612 1169 1.0
545 1120 1.0
720 1111 1.0
365 627 1.0
1375 1029 1.0
66 677 1.0
425 902 1.0
985 632 1.0
739 268 1.0
1364 1131 1.0
706 984 1.0
1224 1337 1.0
510 1144 1.0
639 120 1.0
266 1281 1.0
1343 1378 1.0
46 8 1.0
1146 1270 1.0
98 663 1.0
1400 77 1.0
1113 154 1.0
668 599 1.0
641 421 1.0
1158 1039 1.0
1246 695 1.0
981 1191 1.0
1238 839 1.0
55 200 1.0
194 1250 1.0
532 1074 1.0
800 931 1.0
118 715 1.0
1100 431 1.0
1081 1279 1.0
582 548 1.0
869 373 1.0
724 82 1.0
1353 1305 1.0
886 817 1.0
632 504 1.0
402 730 1.0
334 24 1.0
215 246 1.0
221 534 1.0
831 980 1.0
1147 35 1.0
1144 344 1.0
207 64 1.0
632 631 1.0
731 1365 1.0
1216 217 1.0
887 497 1.0
191 939 1.0
1346 773 1.0
1387 1140 1.0
538 690 1.0
462 1198 1.0
693 1172 1.0
423 671 1.0
1232 368 1.0
715 63 1.0
448 400 1.0
968 755 1.0
639 1222 1.0
339 66 1.0
439 894 1.0
957 627 1.0
1391 907 1.0
2 1150 1.0
1308 139 1.0
52 706 1.0
1150 645 1.0
709 1287 1.0
1397 74 1.0
1065 626 1.0
123 167 1.0
1054 1093 1.0
207 979 1.0
529 609 1.0
915 228 1.0
316 987 1.0
822 49 1.0
1394 1300 1.0
1206 908 1.0
266 1335 1.0
1005 341 1.0
103 1183 1.0
1392 1149 1.0
1142 973 1.0
903 238 1.0
787 371 1.0
667 1131 1.0
719 1314 1.0
808 1197 1.0
943 191 1.0
331 405 1.0
1280 113 1.0
479 1230 1.0
119 1374 1.0
527 249 1.0
81 71 1.0
1192 453 1.0
468 186 1.0
1307 680 1.0
281 559 1.0
1312 807 1.0
643 1203 1.0
802 1387 1.0
318 199 1.0
503 184 1.0
995 68 1.0
838 921 1.0
66 1219 1.0
1108 50 1.0
117 174 1.0
14 778 1.0
1127 566 1.0
734 602 1.0
735 333 1.0
34 250 1.0
265 920 1.0
1372 826 1.0
1101 499 1.0
183 1199 1.0
1071 577 1.0
159 264 1.0
1327 422 1.0
196 1279 1.0
572 1213 1.0
80 1262 1.0
1244 1132 1.0
826 33 1.0
1109 1317 1.0
679 253 1.0
44 810 1.0
298 913 1.0
1167 404 1.0
727 535 1.0
728 849 1.0
938 355 1.0
866 678 1.0
319 1383 1.0
603 392 1.0
145 817 1.0
1263 142 1.0
1295 1341 1.0
669 1247 1.0
743 181 1.0
222 374 1.0
425 561 1.0
1283 51 1.0
1088 1176 1.0
373 1036 1.0
885 1139 1.0
35 872 1.0
310 384 1.0
1024 1253 1.0
1020 382 1.0
17 399 1.0
964 96 1.0
1266 492 1.0
1227 1097 1.0
508 737 1.0
534 255 1.0
8 208 1.0
1170 867 1.0
1003 342 1.0
301 375 1.0
155 1246 1.0
289 242 1.0
539 305 1.0
139 359 1.0
636 461 1.0
145 859 1.0
923 477 1.0
799 1329 1.0
248 294 1.0
176 236 1.0
676 76 1.0
1000 424 1.0
1231 1057 1.0
295 963 1.0
514 1158 1.0
495 1284 1.0
439 925 1.0
284 853 1.0
920 1151 1.0
153 629 1.0
559 464 1.0
434 436 1.0
782 185 1.0
1183 246 1.0
1103 928 1.0
412 537 1.0
401 402 1.0
97 748 1.0
352 1026 1.0
362 223 1.0
220 192 1.0
1020 343 1.0
305 337 1.0
691 504 1.0
672 402 1.0
834 97 1.0
932 933 1.0
812 153 1.0
680 1346 1.0
1396 140 1.0
821 989 1.0
820 988 1.0
496 1162 1.0
524 321 1.0
405 908 1.0
376 137 1.0
1054 1193 1.0
1394 296 1.0
1323 1283 1.0
955 392 1.0
640 1077 1.0
380 1118 1.0
263 915 1.0
782 295 1.0
511 599 1.0
1189 1137 1.0
1337 166 1.0
418 59 1.0
65 950 1.0
1361 998 1.0
733 1349 1.0
806 107 1.0
1158 958 1.0
983 890 1.0
134 1390 1.0
418 819 1.0
269 427 1.0
740 996 1.0
1125 138 1.0
551 178 1.0
1208 18 1.0
1069 462 1.0
798 141 1.0
1359 563 1.0
697 52 1.0
218 444 1.0
197 1064 1.0
51 97 1.0
1125 354 1.0
1215 1239 1.0
72 743 1.0
840 935 1.0
1172 1182 1.0
544 447 1.0
101 56 1.0
1259 115 1.0
239 152 1.0
1015 986 1.0
560 628 1.0
54 1149 1.0
165 186 1.0
1298 1258 1.0
1327 1263 1.0
621 760 1.0
713 1224 1.0
187 132 1.0
22 1062 1.0
1320 1142 1.0
404 1065 1.0
213 124 1.0
1148 698 1.0
983 1009 1.0
900 220 1.0
917 615 1.0
536 98 1.0
792 1357 1.0
1070 390 1.0
1290 953 1.0
1040 455 1.0
673 1342 1.0
1370 483 1.0
711 768 1.0
799 53 1.0
494 1179 1.0
695 1090 1.0
347 223 1.0
850 898 1.0
436 507 1.0
539 506 1.0
442 1016 1.0
927 398 1.0
1080 314 1.0
102 1248 1.0
417 359 1.0
405 589 1.0
1075 857 1.0
310 827 1.0
296 206 1.0
818 693 1.0
631 159 1.0
328 353 1.0
377 467 1.0
1256 526 1.0
998 1339 1.0
363 1134 1.0
949 1124 1.0
1162 229 1.0
1074 710 1.0
300 808 1.0
680 979 1.0
592 165 1.0
476 172 1.0
1365 678 1.0
1015 1018 1.0
862 1158 1.0
879 1374 1.0
757 1019 1.0
726 503 1.0
40 89 1.0
670 1368 1.0
543 587 1.0
1288 1335 1.0
994 880 1.0
1254 481 1.0
279 47 1.0
914 910 1.0
1255 1172 1.0
399 198 1.0
913 532 1.0
695 1100 1.0
653 1372 1.0
363 1070 1.0
893 175 1.0
848 305 1.0
1287 578 1.0
825 708 1.0
929 1049 1.0
1290 144 1.0
842 116 1.0
923 151 1.0
675 777 1.0
910 994 1.0
1091 459 1.0
1213 214 1.0
1347 316 1.0
810 1259 1.0
53 651 1.0
39 503 1.0
130 531 1.0
29 286 1.0
866 306 1.0
922 230 1.0
198 663 1.0
1045 894 1.0
21 924 1.0
628 767 1.0
772 36 1.0
249 234 1.0
11 251 1.0
861 959 1.0
511 603 1.0
537 535 1.0
858 283 1.0
845 940 1.0
447 16 1.0
10 984 1.0
1359 135 1.0
753 787 1.0
1021 836 1.0
498 901 1.0
512 466 1.0
561 785 1.0
959 633 1.0
1283 834 1.0
128 1104 1.0
1325 54 1.0
63 622 1.0
1240 701 1.0
278 112 1.0
664 83 1.0
519 1160 1.0
1163 336 1.0
356 585 1.0
804 386 1.0
1216 1290 1.0
364 1285 1.0
308 1111 1.0
140 432 1.0
1081 970 1.0
940 633 1.0
477 1393 1.0
766 113 1.0
741 714 1.0
166 389 1.0
1257 1097 1.0
214 684 1.0
659 1193 1.0
133 927 1.0
524 450 1.0
378 1061 1.0
696 570 1.0
1018 403 1.0
814 69 1.0
21 216 1.0
1237 917 1.0
372 1296 1.0
253 1237 1.0
902 785 1.0
288 1096 1.0
531 662 1.0
463 856 1.0
255 128 1.0
905 593 1.0
832 729 1.0
629 1214 1.0
609 995 1.0
511 392 1.0
1271 267 1.0
1294 705 1.0
1157 419 1.0
887 298 1.0
723 79 1.0
894 818 1.0
1384 1336 1.0
857 214 1.0
849 951 1.0
1310 990 1.0
481 1084 1.0
102 923 1.0
451 721 1.0
578 1179 1.0
273 1056 1.0
802 878 1.0
642 370 1.0
280 454 1.0
9 127 1.0
1050 1288 1.0
1140 954 1.0
1299 611 1.0
1112 1159 1.0
761 882 1.0
1069 860 1.0
87 594 1.0
1318 1103 1.0
448 150 1.0
393 515 1.0
573 647 1.0
419 1186 1.0
1245 379 1.0
703 1107 1.0
860 48 1.0
562 307 1.0
1042 93 1.0
1261 1175 1.0
1086 1181 1.0
1011 914 1.0
1193 889 1.0
1222 630 1.0
671 445 1.0
407 460 1.0
216 741 1.0
126 265 1.0
280 963 1.0
367 291 1.0
500 182 1.0
585 523 1.0
699 601 1.0
6 518 1.0
916 554 1.0
218 835 1.0
823 294 1.0
455 453 1.0
824 457 1.0
790 218 1.0
966 161 1.0
1228 562 1.0
295 851 1.0
123 170 1.0
173 796 1.0
386 763 1.0
785 1024 1.0
906 849 1.0
1167 175 1.0
974 549 1.0
1254 612 1.0
1209 1304 1.0
841 911 1.0
511 802 1.0
527 493 1.0
909 821 1.0
253 829 1.0
329 603 1.0
151 260 1.0
444 495 1.0
978 455 1.0
571 1371 1.0
818 825 1.0
1031 649 1.0
39 690 1.0
679 947 1.0
464 805 1.0
311 746 1.0
745 832 1.0
620 434 1.0
381 1044 1.0
1027 583 1.0
1121 1165 1.0
647 858 1.0
89 573 1.0
163 237 1.0
195 1256 1.0
43 694 1.0
573 797 1.0
1367 444 1.0
863 1376 1.0
233 567 1.0
315 512 1.0
229 1008 1.0
1275 244 1.0
871 108 1.0
1164 1157 1.0
27 786 1.0
563 1273 1.0
1353 1351 1.0
663 432 1.0
1399 1180 1.0
716 1294 1.0
1087 791 1.0
394 667 1.0
955 764 1.0
437 220 1.0
1126 709 1.0
992 430 1.0
882 399 1.0
53 1198 1.0
67 168 1.0
117 1125 1.0
1041 775 1.0
200 877 1.0
241 145 1.0
339 1300 1.0
1250 411 1.0
1005 689 1.0
873 1047 1.0
1205 1185 1.0
1132 198 1.0
556 85 1.0
833 575 1.0
395 664 1.0
515 878 1.0
31 84 1.0
936 977 1.0
984 316 1.0
940 775 1.0
114 1052 1.0
1022 754 1.0
312 275 1.0
260 1078 1.0
951 702 1.0
1260 1164 1.0
1376 450 1.0
1335 1159 1.0
1355 1334 1.0
64 311 1.0
180 589 1.0
312 1079 1.0
228 467 1.0
714 1218 1.0
964 190 1.0
80 489 1.0
115 209 1.0
1040 794 1.0
852 1234 1.0
283 410 1.0
1084 437 1.0
1025 340 1.0
708 1182 1.0
202 39 1.0
867 1197 1.0
471 1380 1.0
140 816 1.0
934 1123 1.0
692 881 1.0
759 603 1.0
177 905 1.0
326 1293 1.0
798 1209 1.0
1070 342 1.0
658 1210 1.0
649 903 1.0
1272 717 1.0
400 7 1.0
1180 1253 1.0
1012 707 1.0
1345 32 1.0
682 418 1.0
9 871 1.0
775 1019 1.0
1388 1226 1.0
353 868 1.0
647 56 1.0
667 129 1.0
613 884 1.0
780 592 1.0
11 1331 1.0
1356 629 1.0
846 164 1.0
1092 301 1.0
337 4 1.0
1136 1381 1.0
564 1037 1.0
320 1369 1.0
373 1108 1.0
1266 606 1.0
706 1347 1.0
1349 221 1.0
1192 1396 1.0
1196 924 1.0
349 580 1.0
340 957 1.0
604 276 1.0
46 151 1.0
1004 915 1.0
1043 650 1.0
111 664 1.0
762 188 1.0
433 1328 1.0
1002 1082 1.0
552 451 1.0
261 1306 1.0
1117 414 1.0
1311 490 1.0
260 666 1.0
728 993 1.0
1023 62 1.0
545 643 1.0
350 381 1.0
602 513 1.0
1021 1262 1.0
784 818 1.0
1168 635 1.0
710 1363 1.0
57 1322 1.0
461 632 1.0
491 412 1.0
963 1129 1.0
1028 1316 1.0
496 1100 1.0
244 1332 1.0
1078 762 1.0
1197 136 1.0
736 1379 1.0
431 1008 1.0
625 1128 1.0
1367 1333 1.0
1236 1284 1.0
596 502 1.0
358 1119 1.0
1341 242 1.0
199 1211 1.0
746 1115 1.0
279 1201 1.0
276 346 1.0
1030 883 1.0
902 1399 1.0
731 1 1.0
341 1348 1.0
654 1027 1.0
330 1326 1.0
757 779 1.0
30 1353 1.0
1068 1318 1.0
1056 177 1.0
460 362 1.0
180 369 1.0
134 334 1.0
47 1282 1.0
650 843 1.0
1340 1320 1.0
37 783 1.0
384 562 1.0
526 803 1.0
299 81 1.0
976 1032 1.0
497 1099 1.0
1212 1035 1.0
1194 1218 1.0
1073 954 1.0
1385 238 1.0
803 433 1.0
1137 1336 1.0
382 1152 1.0
606 893 1.0
22 551 1.0
216 688 1.0
576 4 1.0
896 873 1.0
1059 438 1.0
554 1010 1.0
10 774 1.0
912 1058 1.0
549 1106 1.0
837 1320 1.0
1219 111 1.0
849 435 1.0
251 1076 1.0
1209 361 1.0
792 364 1.0
426 1075 1.0
109 318 1.0
776 33 1.0
1154 227 1.0
1281 756 1.0
336 1057 1.0
1311 1231 1.0
742 1358 1.0
13 799 1.0
1042 110 1.0
373 817 1.0
468 1002 1.0
374 1184 1.0
512 900 1.0
1201 1303 1.0
93 659 1.0
409 693 1.0
547 636 1.0
1152 74 1.0
690 1204 1.0
444 1236 1.0
595 704 1.0
85 380 1.0
1129 579 1.0
657 766 1.0
529 730 1.0
1024 17 1.0
1398 1154 1.0
459 156 1.0
88 852 1.0
1235 145 1.0
816 355 1.0
839 933 1.0
230 472 1.0
307 830 1.0
1265 1037 1.0
691 820 1.0
555 1035 1.0
114 790 1.0
590 1013 1.0
217 682 1.0
1105 1329 1.0
1383 463 1.0
594 65 1.0
1382 165 1.0
961 20 1.0
1361 282 1.0
855 1170 1.0
194 774 1.0
779 1046 1.0
769 38 1.0
406 1225 1.0
1098 761 1.0
126 23 1.0
963 3 1.0
1208 375 1.0
777 1031 1.0
453 713 1.0
595 1324 1.0
258 1238 1.0
1339 317 1.0
460 347 1.0
1307 207 1.0
1352 899 1.0
793 620 1.0
971 280 1.0
262 420 1.0
487 86 1.0
989 1163 1.0
324 1289 1.0
719 1049 1.0
754 286 1.0
270 385 1.0
1239 725 1.0
892 227 1.0
559 876 1.0
765 877 1.0
1174 299 1.0
107 907 1.0
240 308 1.0
673 241 1.0
78 1255 1.0
705 1184 1.0
395 376 1.0
417 156 1.0
226 196 1.0
1142 576 1.0
878 1073 1.0
1126 519 1.0
1211 912 1.0
956 262 1.0
1127 830 1.0
1135 391 1.0
1324 1264 1.0
755 614 1.0
1050 897 1.0
1279 1280 1.0
823 752 1.0
731 602 1.0
521 325 1.0
1313 176 1.0
1028 448 1.0
926 5 1.0
1251 410 1.0
1316 150 1.0
1186 443 1.0
1052 218 1.0
16 464 1.0
332 1073 1.0
1269 1321 1.0
748 462 1.0
817 92 1.0
738 322 1.0
1322 801 1.0
1134 390 1.0
570 422 1.0
1067 540 1.0
342 1011 1.0
471 1340 1.0
485 1249 1.0
789 27 1.0
362 1217 1.0
925 409 1.0
864 1173 1.0
599 515 1.0
1051 849 1.0
302 228 1.0
314 54 1.0
598 990 1.0
668 393 1.0
683 1330 1.0
1153 706 1.0
542 1257 1.0
736 310 1.0
773 701 1.0
1120 712 1.0
1076 960 1.0
313 100 1.0
830 304 1.0
434 729 1.0
504 988 1.0
224 615 1.0
615 12 1.0
1362 1204 1.0
266 127 1.0
132 11 1.0
130 258 1.0
511 6 1.0
1389 768 1.0
518 61 1.0
147 169 1.0
1309 623 1.0
1303 1292 1.0
610 1093 1.0
1299 1245 1.0
121 598 1.0
519 1287 1.0
1055 196 1.0
509 997 1.0
552 115 1.0
322 1000 1.0
411 1369 1.0
1195 329 1.0
1187 941 1.0
423 561 1.0
610 160 1.0
738 1366 1.0
1188 808 1.0
797 858 1.0
876 482 1.0
1237 224 1.0
721 1343 1.0
1100 683 1.0
526 735 1.0
514 292 1.0
167 121 1.0
1018 992 1.0
1253 536 1.0
980 511 1.0
1264 408 1.0
414 1070 1.0
19 153 1.0
972 120 1.0
611 1121 1.0
553 83 1.0
686 1196 1.0
1026 557 1.0
1218 1241 1.0
486 942 1.0
587 1031 1.0
186 269 1.0
1260 34 1.0
878 1140 1.0
428 631 1.0
981 524 1.0
513 1231 1.0
1098 1291 1.0
413 831 1.0
253 654 1.0
179 417 1.0
182 538 1.0
1161 804 1.0
851 3 1.0
95 597 1.0
304 369 1.0
1051 906 1.0
1317 854 1.0
116 190 1.0
949 1142 1.0
972 22 1.0
935 1275 1.0
927 441 1.0
1238 932 1.0
502 665 1.0
765 345 1.0
1278 1127 1.0
427 969 1.0
752 333 1.0
1351 259 1.0
702 195 1.0
530 408 1.0
1075 640 1.0
685 1242 1.0
441 119 1.0
924 896 1.0
73 269 1.0
644 1087 1.0
1249 1240 1.0
1079 1133 1.0
237 1317 1.0
661 130 1.0
601 101 1.0
470 1045 1.0
1299 1359 1.0
943 789 1.0
48 742 1.0
1348 707 1.0
635 688 1.0
223 1321 1.0
821 1338 1.0
124 1101 1.0
1143 1273 1.0
311 964 1.0
1009 918 1.0
367 331 1.0
588 41 1.0
688 1261 1.0
456 1263 1.0
991 1272 1.0
474 803 1.0
342 341 1.0
238 1293 1.0
1321 1176 1.0
677 944 1.0
396 1014 1.0
698 1345 1.0
1350 1376 1.0
259 219 1.0
615 885 1.0
1141 950 1.0
1267 479 1.0
1256 309 1.0
211 129 1.0
477 1277 1.0
438 1267 1.0
1152 1385 1.0
1117 363 1.0
642 728 1.0
845 1041 1.0
1384 123 1.0
936 660 1.0
594 1141 1.0
297 1283 1.0
973 652 1.0
1391 441 1.0
560 859 1.0
1110 522 1.0
956 1302 1.0
971 295 1.0
1129 1072 1.0
75 126 1.0
455 574 1.0
1296 105 1.0
52 722 1.0
169 621 1.0
1000 1119 1.0
773 356 1.0
1232 1359 1.0
965 1060 1.0
478 59 1.0
1153 10 1.0
68 429 1.0
1346 335 1.0
637 591 1.0
82 309 1.0
152 222 1.0
756 143 1.0
185 851 1.0
1393 349 1.0
127 1281 1.0
596 252 1.0
744 814 1.0
1164 250 1.0
465 1377 1.0
1350 524 1.0
1243 958 1.0
302 377 1.0
622 472 1.0
157 1254 1.0
338 68 1.0
219 1033 1.0
1214 147 1.0
439 1316 1.0
1276 1007 1.0
18 846 1.0
96 862 1.0
148 543 1.0
420 257 1.0
624 720 1.0
354 936 1.0
345 795 1.0
876 805 1.0
469 348 1.0
1107 442 1.0
125 782 1.0
1368 520 1.0
814 90 1.0
286 682 1.0
373 886 1.0
92 26 1.0
1221 1386 1.0
676 270 1.0
369 293 1.0
143 776 1.0
883 697 1.0
689 1348 1.0
756 162 1.0
1039 1105 1.0
1003 1005 1.0
879 997 1.0
768 442 1.0
402 1168 1.0
640 1056 1.0
709 1145 1.0
883 14 1.0
678 1220 1.0
322 358 1.0
494 1004 1.0
211 334 1.0
359 103 1.0
475 357 1.0
778 681 1.0
747 770 1.0
1262 489 1.0
1268 525 1.0
257 91 1.0
827 1278 1.0
908 941 1.0
561 445 1.0
442 1000 1.0
597 91 1.0
1177 959 1.0
1083 1247 1.0
1285 895 1.0
162 776 1.0
499 1136 1.0
805 584 1.0
29 1114 1.0
646 621 1.0
1107 322 1.0
1008 58 1.0
648 365 1.0
948 194 1.0
181 582 1.0
1265 1095 1.0
225 332 1.0
836 1102 1.0
498 985 1.0
1222 1042 1.0
810 552 1.0
319 811 1.0
1398 596 1.0
926 1071 1.0
334 70 1.0
717 528 1.0
116 585 1.0
1135 806 1.0
1334 1389 1.0
1001 1055 1.0
925 78 1.0
265 508 1.0
286 1352 1.0
147 646 1.0
1001 226 1.0
591 1066 1.0
1017 617 1.0
1239 873 1.0
209 236 1.0
155 892 1.0
160 981 1.0
574 1390 1.0
80 851 1.0
243 475 1.0
178 828 1.0
490 588 1.0
1357 277 1.0
1228 732 1.0
920 231 1.0
1297 1296 1.0
448 550 1.0
1019 1046 1.0
800 833 1.0
182 750 1.0
1273 36 1.0
1053 554 1.0
801 838 1.0
296 505 1.0
1077 177 1.0
506 337 1.0
840 529 1.0
1242 1029 1.0
137 193 1.0
254 471 1.0
832 412 1.0
370 72 1.0
170 121 1.0
790 1367 1.0
968 565 1.0
339 633 1.0
586 903 1.0
882 1132 1.0
346 60 1.0
908 747 1.0
1083 278 1.0
383 331 1.0
484 1072 1.0
293 1205 1.0
962 458 1.0
771 945 1.0
1010 1066 1.0
687 816 1.0
862 1243 1.0
774 411 1.0
995 1332 1.0
275 1133 1.0
150 7 1.0
996 716 1.0
1210 530 1.0
156 103 1.0
420 597 1.0
144 478 1.0
1196 1215 1.0
71 1292 1.0
714 1047 1.0
921 1025 1.0
393 225 1.0
564 598 1.0
856 20 1.0
217 144 1.0
1104 587 1.0
730 338 1.0
899 819 1.0
458 779 1.0
572 857 1.0
1366 210 1.0
1004 302 1.0
1032 1189 1.0
938 1337 1.0
1188 867 1.0
746 96 1.0
835 1236 1.0
1010 312 1.0
1284 548 1.0
631 501 1.0
228 63 1.0
1119 131 1.0
186 1082 1.0
206 395 1.0
1123 731 1.0
1226 726 1.0
1215 896 1.0
868 18 1.0
919 1208 1.0
161 946 1.0
1162 431 1.0
977 618 1.0
795 547 1.0
1124 973 1.0
652 65 1.0
303 367 1.0
1131 158 1.0
508 1151 1.0
400 351 1.0
290 1223 1.0
520 379 1.0
1048 1334 1.0
282 855 1.0
135 772 1.0
230 231 1.0
1057 41 1.0
25 1212 1.0
1023 542 1.0
999 1365 1.0
745 491 1.0
1379 384 1.0
497 1067 1.0
168 604 1.0
251 510 1.0
928 1299 1.0
941 770 1.0
811 463 1.0
1220 440 1.0
747 1205 1.0
948 10 1.0
264 1301 1.0
985 428 1.0
744 30 1.0
1185 978 1.0
1369 634 1.0
522 1092 1.0
1207 1144 1.0
712 813 1.0
376 806 1.0
890 1015 1.0
394 211 1.0
753 245 1.0
309 735 1.0
1044 559 1.0
488 1040 1.0
630 110 1.0
358 870 1.0
700 1188 1.0
1321 617 1.0
149 638 1.0
118 267 1.0
32 551 1.0
861 360 1.0
1246 496 1.0
581 1161 1.0
989 513 1.0
682 899 1.0
859 92 1.0
1342 886 1.0
45 1147 1.0
7 42 1.0
900 967 1.0
543 976 1.0
1395 273 1.0
1160 578 1.0
779 1398 1.0
348 1234 1.0
1080 1325 1.0
499 732 1.0
911 829 1.0
645 50 1.0
361 658 1.0
1102 669 1.0
1159 1341 1.0
794 574 1.0
287 376 1.0
28 528 1.0
796 705 1.0
135 822 1.0
35 847 1.0
1178 1235 1.0
421 284 1.0
520 1155 1.0
1200 659 1.0
729 727 1.0
783 19 1.0
1248 415 1.0
873 1388 1.0
317 1344 1.0
877 391 1.0
1191 321 1.0
50 650 1.0
1309 219 1.0
1229 1183 1.0
205 251 1.0
351 42 1.0
481 1169 1.0
1213 99 1.0
517 362 1.0
63 230 1.0
162 826 1.0
333 1328 1.0
1060 990 1.0
1354 1233 1.0
291 405 1.0
1039 799 1.0
347 1269 1.0
982 235 1.0
1084 900 1.0
237 352 1.0
74 326 1.0
398 509 1.0
43 610 1.0
1132 1396 1.0
848 294 1.0
546 1245 1.0
875 315 1.0
665 1316 1.0
791 655 1.0
872 15 1.0
1089 164 1.0
551 1200 1.0
1312 73 1.0
193 313 1.0
403 430 1.0
1295 289 1.0
489 669 1.0
1016 424 1.0
89 1360 1.0
988 1270 1.0
901 1023 1.0
965 545 1.0
1303 1164 1.0
1366 358 1.0
1319 1389 1.0
76 661 1.0
820 1146 1.0
1236 582 1.0
1329 651 1.0
89 865 1.0
292 1039 1.0
1145 189 1.0
1304 595 1.0
366 852 1.0
835 181 1.0
46 856 1.0
171 916 1.0
1373 642 1.0
583 885 1.0
355 154 1.0
898 1214 1.0
847 15 1.0
627 716 1.0
1206 1187 1.0
931 106 1.0
104 975 1.0
110 1054 1.0
355 166 1.0
406 1126 1.0
1045 784 1.0
281 16 1.0
158 721 1.0
1212 926 1.0
435 702 1.0
190 523 1.0
1119 261 1.0
850 318 1.0
1299 546 1.0
780 1382 1.0
1156 969 1.0
330 606 1.0
930 962 1.0
1338 1163 1.0
915 715 1.0
390 1011 1.0
1202 28 1.0
84 480 1.0
1176 416 1.0
172 1365 1.0
294 1063 1.0
722 706 1.0
1106 696 1.0
870 131 1.0
1248 477 1.0
1175 204 1.0
1062 1200 1.0
210 870 1.0
1140 521 1.0
227 1162 1.0
568 1153 1.0
453 687 1.0
1064 268 1.0
913 183 1.0
184 751 1.0
918 986 1.0
157 875 1.0
331 180 1.0
284 237 1.0
1240 773 1.0
507 396 1.0
1155 1190 1.0
565 423 1.0
206 111 1.0
806 137 1.0
234 169 1.0
1110 328 1.0
841 937 1.0
660 618 1.0
86 1130 1.0
1291 882 1.0
1383 285 1.0
473 843 1.0
1157 271 1.0
1258 1177 1.0
666 762 1.0
731 734 1.0
547 398 1.0
648 740 1.0
675 1020 1.0
250 271 1.0
391 107 1.0
601 647 1.0
919 301 1.0
292 13 1.0
189 1004 1.0
734 989 1.0
592 468 1.0
950 5 1.0
993 951 1.0
970 874 1.0
501 991 1.0
360 633 1.0
2 1036 1.0
1090 683 1.0
986 992 1.0
694 809 1.0
916 1053 1.0
563 772 1.0
1093 889 1.0
227 1166 1.0
1294 374 1.0
933 667 1.0
636 509 1.0
808 541 1.0
1289 635 1.0
249 147 1.0
422 558 1.0
828 485 1.0
1130 370 1.0
1195 759 1.0
452 1160 1.0
694 160 1.0
1380 539 1.0
1314 255 1.0
1035 1071 1.0
1277 349 1.0
569 697 1.0
1174 279 1.0
104 1029 1.0
247 1394 1.0
854 557 1.0
781 760 1.0
1133 84 1.0
807 619 1.0
42 86 1.0
335 356 1.0
1011 1012 1.0
809 1350 1.0
732 307 1.0
1066 275 1.0
1036 1108 1.0
1198 742 1.0
624 308 1.0
924 741 1.0
1229 215 1.0
681 637 1.0
1268 1308 1.0
1198 904 1.0
997 820 1.0
688 1194 1.0
592 221 1.0
686 21 1.0
368 1143 1.0
1017 284 1.0
1219 944 1.0
90 1305 1.0
1225 452 1.0
493 234 1.0
1382 1312 1.0
200 1135 1.0
1227 1189 1.0
656 657 1.0
674 401 1.0
120 1042 1.0
256 531 1.0
290 840 1.0
681 554 1.0
1014 1266 1.0
1336 1216 1.0
1326 893 1.0
516 221 1.0
657 1280 1.0
262 95 1.0
952 440 1.0
314 1392 1.0
1364 552 1.0
149 812 1.0
1013 1109 1.0
15 1371 1.0
428 542 1.0
769 653 1.0
1116 972 1.0
1160 966 1.0
461 691 1.0
812 1356 1.0
55 765 1.0
257 1221 1.0
37 149 1.0
975 434 1.0
1097 1137 1.0
32 178 1.0
1078 580 1.0
56 1251 1.0
767 26 1.0
1396 687 1.0
1266 437 1.0
24 290 1.0
1300 206 1.0
201 323 1.0
761 1244 1.0
978 1192 1.0
90 793 1.0
748 53 1.0
1214 644 1.0
298 1067 1.0
937 447 1.0
160 1350 1.0
1138 1319 1.0
888 292 1.0
1130 72 1.0
5 577 1.0
658 1324 1.0
533 80 1.0
452 243 1.0
401 529 1.0
1274 1146 1.0
482 584 1.0
75 171 1.0
540 1242 1.0
14 52 1.0
672 1252 1.0
600 413 1.0
392 608 1.0
541 136 1.0
202 538 1.0
1179 946 1.0
76 385 1.0
865 660 1.0
306 952 1.0
82 823 1.0
172 866 1.0
558 240 1.0
79 1256 1.0
674 672 1.0
888 834 1.0
858 1251 1.0
1271 126 1.0
424 261 1.0
722 637 1.0
1323 94 1.0
1265 1310 1.0
875 481 1.0
175 758 1.0
731 678 1.0
877 133 1.0
106 46 1.0
1122 128 1.0
4 555 1.0
1178 241 1.0
794 134 1.0
641 804 1.0
1149 829 1.0
151 1277 1.0
716 222 1.0
435 1080 1.0
375 846 1.0
1060 792 1.0
729 537 1.0
1201 1260 1.0
977 1030 1.0
282 700 1.0
784 788 1.0
323 906 1.0
1374 1274 1.0
944 553 1.0
614 276 1.0
354 865 1.0
1230 248 1.0
198 140 1.0
960 344 1.0
815 837 1.0
979 842 1.0
996 152 1.0
700 300 1.0
1223 1177 1.0
388 1327 1.0
1244 1192 1.0
419 1286 1.0
1233 266 1.0
276 1399 1.0
662 932 1.0
914 1015 1.0
190 862 1.0
38 1372 1.0
683 100 1.0
1037 990 1.0
816 1113 1.0
291 1206 1.0
904 1358 1.0
991 1202 1.0
3 579 1.0
755 425 1.0
449 1006 1.0
372 1038 1.0
365 996 1.0
288 11 1.0
896 714 1.0
115 176 1.0
630 43 1.0
1390 334 1.0
1115 514 1.0
732 1136 1.0
279 385 1.0
368 563 1.0
445 1291 1.0
1333 495 1.0
171 23 1.0
138 865 1.0
604 346 1.0
1072 607 1.0
432 1113 1.0
500 202 1.0
945 95 1.0
1315 1271 1.0
1128 1118 1.0
1300 1219 1.0
580 188 1.0
300 1344 1.0
357 1375 1.0
370 993 1.0
387 1363 1.0
1183 1092 1.0
1314 1122 1.0
173 1294 1.0
759 955 1.0
382 649 1.0
274 550 1.0
1147 457 1.0
890 918 1.0
715 922 1.0
844 474 1.0
880 533 1.0
725 500 1.0
457 847 1.0
1151 366 1.0
727 692 1.0
957 1297 1.0
1052 72 1.0
93 1054 1.0
1304 658 1.0
1270 1272 1.0
936 1165 1.0
1060 643 1.0
379 1190 1.0
49 1064 1.0
315 1084 1.0
1169 437 1.0
1079 31 1.0
320 987 1.0
517 1085 1.0
306 1220 1.0
544 281 1.0
1108 1043 1.0
1046 1154 1.0
723 724 1.0
889 1191 1.0
1181 213 1.0
772 49 1.0
788 825 1.0
1281 653 1.0
1124 87 1.0
549 1086 1.0
17 536 1.0
813 895 1.0
80 3 1.0
1007 593 1.0
795 927 1.0
366 348 1.0
30 90 1.0
921 1059 1.0
1381 67 1.0
