# This graph has a small corridor (50 by 6) with a "door" to a larger room (50 by 50)

*Vertices 804
1 4.0 58.0
2 34.0 36.0
3 36.0 48.0
4 42.0 0.0
5 50.0 6.0
6 44.0 24.0
7 4.0 56.0
8 40.0 4.0
9 6.0 32.0
10 38.0 70.0
11 4.0 26.0
12 4.0 54.0
13 24.0 10.0
14 14.0 2.0
15 36.0 46.0
16 22.0 8.0
17 34.0 34.0
18 4.0 60.0
19 36.0 68.0
20 42.0 66.0
21 10.0 70.0
22 36.0 22.0
23 2.0 24.0
24 44.0 48.0
25 34.0 0.0
26 42.0 36.0
27 6.0 64.0
28 4.0 28.0
29 36.0 24.0
30 2.0 22.0
31 2.0 68.0
32 32.0 4.0
33 2.0 46.0
34 0.0 4.0
35 46.0 70.0
36 28.0 10.0
37 12.0 2.0
38 2.0 48.0
39 42.0 34.0
40 6.0 30.0
41 44.0 46.0
42 8.0 70.0
43 34.0 66.0
44 44.0 22.0
45 6.0 62.0
46 44.0 68.0
47 2.0 38.0
48 44.0 42.0
49 34.0 6.0
50 6.0 58.0
51 50.0 36.0
52 36.0 20.0
53 36.0 50.0
54 6.0 56.0
55 4.0 32.0
56 2.0 44.0
57 44.0 40.0
58 6.0 54.0
59 10.0 2.0
60 36.0 52.0
61 2.0 42.0
62 44.0 38.0
63 6.0 26.0
64 28.0 12.0
65 14.0 70.0
66 2.0 40.0
67 44.0 44.0
68 38.0 2.0
69 50.0 34.0
70 6.0 60.0
71 4.0 64.0
72 6.0 28.0
73 36.0 42.0
74 42.0 6.0
75 2.0 52.0
76 50.0 0.0
77 44.0 20.0
78 48.0 4.0
79 44.0 50.0
80 36.0 40.0
81 8.0 2.0
82 2.0 20.0
83 44.0 52.0
84 36.0 38.0
85 24.0 12.0
86 12.0 70.0
87 50.0 66.0
88 36.0 44.0
89 4.0 62.0
90 4.0 30.0
91 26.0 8.0
92 46.0 2.0
93 2.0 50.0
94 30.0 6.0
95 6.0 44.0
96 18.0 0.0
97 22.0 36.0
98 28.0 16.0
99 2.0 56.0
100 44.0 60.0
101 2.0 58.0
102 44.0 54.0
103 6.0 38.0
104 44.0 26.0
105 2.0 60.0
106 44.0 56.0
107 6.0 40.0
108 4.0 24.0
109 20.0 70.0
110 6.0 42.0
111 18.0 66.0
112 2.0 26.0
113 36.0 28.0
114 2.0 54.0
115 44.0 58.0
116 22.0 34.0
117 28.0 2.0
118 4.0 22.0
119 26.0 6.0
120 4.0 68.0
121 18.0 36.0
122 24.0 16.0
123 36.0 60.0
124 22.0 0.0
125 4.0 46.0
126 6.0 52.0
127 36.0 54.0
128 2.0 28.0
129 36.0 26.0
130 36.0 56.0
131 6.0 50.0
132 16.0 70.0
133 44.0 28.0
134 22.0 66.0
135 4.0 48.0
136 24.0 2.0
137 6.0 20.0
138 36.0 58.0
139 18.0 34.0
140 26.0 0.0
141 2.0 32.0
142 30.0 36.0
143 36.0 30.0
144 36.0 62.0
145 22.0 6.0
146 4.0 44.0
147 4.0 38.0
148 24.0 14.0
149 4.0 40.0
150 28.0 70.0
151 6.0 24.0
152 44.0 32.0
153 30.0 34.0
154 20.0 2.0
155 4.0 42.0
156 26.0 66.0
157 36.0 64.0
158 26.0 36.0
159 44.0 30.0
160 30.0 0.0
161 6.0 46.0
162 18.0 6.0
163 6.0 22.0
164 6.0 68.0
165 44.0 62.0
166 28.0 14.0
167 2.0 64.0
168 4.0 52.0
169 24.0 70.0
170 2.0 62.0
171 2.0 30.0
172 36.0 32.0
173 4.0 50.0
174 6.0 48.0
175 4.0 20.0
176 16.0 2.0
177 26.0 34.0
178 44.0 64.0
179 30.0 66.0
180 16.0 26.0
181 12.0 42.0
182 46.0 24.0
183 10.0 48.0
184 14.0 20.0
185 16.0 54.0
186 42.0 4.0
187 16.0 60.0
188 32.0 36.0
189 28.0 30.0
190 38.0 48.0
191 14.0 50.0
192 40.0 0.0
193 0.0 36.0
194 12.0 40.0
195 48.0 6.0
196 8.0 24.0
197 28.0 62.0
198 0.0 34.0
199 38.0 46.0
200 14.0 52.0
201 32.0 34.0
202 16.0 58.0
203 20.0 28.0
204 38.0 68.0
205 28.0 64.0
206 38.0 22.0
207 40.0 66.0
208 12.0 38.0
209 36.0 70.0
210 10.0 22.0
211 12.0 44.0
212 10.0 68.0
213 24.0 32.0
214 16.0 56.0
215 10.0 46.0
216 14.0 42.0
217 38.0 24.0
218 20.0 26.0
219 20.0 54.0
220 34.0 4.0
221 8.0 48.0
222 12.0 20.0
223 46.0 48.0
224 12.0 50.0
225 32.0 0.0
226 20.0 60.0
227 0.0 0.0
228 40.0 36.0
229 24.0 30.0
230 24.0 62.0
231 14.0 40.0
232 2.0 70.0
233 10.0 24.0
234 40.0 34.0
235 20.0 58.0
236 46.0 46.0
237 12.0 52.0
238 46.0 22.0
239 32.0 66.0
240 14.0 38.0
241 16.0 28.0
242 0.0 66.0
243 46.0 68.0
244 24.0 64.0
245 8.0 68.0
246 44.0 70.0
247 8.0 22.0
248 14.0 44.0
249 8.0 46.0
250 28.0 32.0
251 20.0 56.0
252 38.0 50.0
253 14.0 48.0
254 10.0 20.0
255 24.0 54.0
256 24.0 26.0
257 46.0 40.0
258 8.0 42.0
259 46.0 42.0
260 8.0 40.0
261 12.0 24.0
262 32.0 6.0
263 20.0 62.0
264 0.0 6.0
265 24.0 60.0
266 48.0 36.0
267 20.0 30.0
268 10.0 50.0
269 38.0 20.0
270 28.0 28.0
271 20.0 64.0
272 46.0 44.0
273 8.0 38.0
274 36.0 2.0
275 10.0 52.0
276 48.0 34.0
277 24.0 58.0
278 16.0 32.0
279 24.0 56.0
280 38.0 52.0
281 14.0 46.0
282 14.0 22.0
283 46.0 38.0
284 8.0 44.0
285 14.0 68.0
286 28.0 54.0
287 50.0 4.0
288 46.0 50.0
289 12.0 48.0
290 2.0 2.0
291 8.0 20.0
292 38.0 40.0
293 10.0 42.0
294 28.0 26.0
295 16.0 62.0
296 38.0 42.0
297 10.0 40.0
298 14.0 24.0
299 40.0 6.0
300 8.0 50.0
301 46.0 20.0
302 48.0 0.0
303 28.0 60.0
304 16.0 30.0
305 48.0 66.0
306 38.0 44.0
307 10.0 38.0
308 24.0 28.0
309 16.0 64.0
310 28.0 58.0
311 44.0 2.0
312 8.0 52.0
313 46.0 52.0
314 12.0 46.0
315 20.0 32.0
316 28.0 56.0
317 12.0 68.0
318 12.0 22.0
319 38.0 38.0
320 10.0 44.0
321 14.0 30.0
322 18.0 4.0
323 46.0 54.0
324 8.0 60.0
325 28.0 50.0
326 16.0 24.0
327 24.0 40.0
328 46.0 26.0
329 14.0 62.0
330 8.0 26.0
331 24.0 42.0
332 28.0 20.0
333 20.0 48.0
334 46.0 60.0
335 8.0 54.0
336 24.0 44.0
337 20.0 22.0
338 20.0 68.0
339 38.0 28.0
340 46.0 58.0
341 8.0 56.0
342 12.0 32.0
343 20.0 46.0
344 28.0 52.0
345 24.0 18.0
346 46.0 56.0
347 8.0 58.0
348 14.0 64.0
349 10.0 28.0
350 24.0 38.0
351 24.0 50.0
352 12.0 30.0
353 22.0 4.0
354 38.0 54.0
355 10.0 60.0
356 38.0 26.0
357 12.0 62.0
358 20.0 24.0
359 4.0 70.0
360 28.0 40.0
361 28.0 42.0
362 10.0 26.0
363 38.0 60.0
364 10.0 54.0
365 6.0 2.0
366 24.0 20.0
367 16.0 48.0
368 16.0 68.0
369 46.0 28.0
370 28.0 44.0
371 16.0 22.0
372 16.0 46.0
373 38.0 58.0
374 10.0 56.0
375 14.0 32.0
376 38.0 56.0
377 10.0 58.0
378 24.0 52.0
379 28.0 18.0
380 28.0 38.0
381 12.0 64.0
382 8.0 28.0
383 24.0 24.0
384 16.0 40.0
385 10.0 62.0
386 26.0 4.0
387 10.0 30.0
388 12.0 60.0
389 20.0 50.0
390 20.0 20.0
391 28.0 48.0
392 38.0 30.0
393 12.0 54.0
394 12.0 26.0
395 38.0 62.0
396 16.0 42.0
397 12.0 56.0
398 8.0 32.0
399 28.0 46.0
400 16.0 44.0
401 28.0 22.0
402 38.0 64.0
403 28.0 68.0
404 10.0 64.0
405 14.0 28.0
406 16.0 38.0
407 20.0 52.0
408 12.0 58.0
409 46.0 32.0
410 8.0 62.0
411 6.0 70.0
412 28.0 24.0
413 20.0 40.0
414 16.0 50.0
415 30.0 4.0
416 8.0 30.0
417 14.0 60.0
418 46.0 30.0
419 14.0 54.0
420 16.0 20.0
421 4.0 2.0
422 24.0 48.0
423 20.0 42.0
424 14.0 26.0
425 46.0 62.0
426 24.0 46.0
427 14.0 56.0
428 10.0 32.0
429 24.0 68.0
430 46.0 64.0
431 20.0 44.0
432 24.0 22.0
433 20.0 38.0
434 8.0 64.0
435 12.0 28.0
436 14.0 58.0
437 38.0 32.0
438 16.0 52.0
439 34.0 70.0
440 8.0 66.0
441 10.0 34.0
442 48.0 52.0
443 26.0 10.0
444 32.0 46.0
445 50.0 2.0
446 0.0 46.0
447 2.0 4.0
448 38.0 34.0
449 32.0 68.0
450 0.0 22.0
451 0.0 68.0
452 46.0 66.0
453 22.0 12.0
454 32.0 22.0
455 38.0 36.0
456 0.0 48.0
457 48.0 20.0
458 46.0 0.0
459 32.0 48.0
460 14.0 6.0
461 40.0 24.0
462 8.0 0.0
463 48.0 50.0
464 44.0 4.0
465 10.0 36.0
466 48.0 38.0
467 42.0 70.0
468 10.0 66.0
469 8.0 34.0
470 46.0 34.0
471 40.0 46.0
472 48.0 44.0
473 38.0 66.0
474 40.0 22.0
475 40.0 68.0
476 38.0 0.0
477 40.0 48.0
478 46.0 36.0
479 48.0 42.0
480 12.0 6.0
481 32.0 24.0
482 48.0 40.0
483 0.0 24.0
484 36.0 4.0
485 8.0 36.0
486 10.0 0.0
487 0.0 52.0
488 14.0 34.0
489 32.0 52.0
490 40.0 38.0
491 12.0 66.0
492 50.0 70.0
493 48.0 68.0
494 40.0 44.0
495 48.0 22.0
496 48.0 46.0
497 34.0 2.0
498 28.0 8.0
499 38.0 6.0
500 40.0 42.0
501 0.0 20.0
502 32.0 20.0
503 48.0 48.0
504 12.0 0.0
505 32.0 50.0
506 14.0 36.0
507 0.0 50.0
508 10.0 6.0
509 40.0 40.0
510 40.0 52.0
511 22.0 10.0
512 12.0 34.0
513 0.0 38.0
514 32.0 38.0
515 14.0 66.0
516 32.0 44.0
517 26.0 12.0
518 0.0 44.0
519 24.0 8.0
520 42.0 2.0
521 0.0 42.0
522 46.0 6.0
523 32.0 42.0
524 40.0 20.0
525 12.0 36.0
526 14.0 0.0
527 40.0 50.0
528 48.0 24.0
529 8.0 6.0
530 32.0 40.0
531 0.0 40.0
532 4.0 4.0
533 40.0 56.0
534 22.0 70.0
535 16.0 66.0
536 0.0 28.0
537 32.0 28.0
538 48.0 64.0
539 20.0 34.0
540 40.0 58.0
541 30.0 2.0
542 48.0 62.0
543 28.0 6.0
544 16.0 0.0
545 40.0 60.0
546 20.0 36.0
547 48.0 30.0
548 40.0 54.0
549 40.0 26.0
550 48.0 32.0
551 32.0 56.0
552 0.0 56.0
553 18.0 70.0
554 40.0 28.0
555 20.0 66.0
556 26.0 2.0
557 0.0 58.0
558 16.0 34.0
559 32.0 58.0
560 24.0 6.0
561 32.0 60.0
562 16.0 36.0
563 26.0 16.0
564 0.0 60.0
565 20.0 0.0
566 0.0 54.0
567 32.0 54.0
568 32.0 26.0
569 22.0 14.0
570 0.0 26.0
571 30.0 70.0
572 6.0 4.0
573 40.0 32.0
574 28.0 34.0
575 22.0 2.0
576 24.0 66.0
577 0.0 64.0
578 48.0 28.0
579 32.0 64.0
580 24.0 0.0
581 0.0 30.0
582 28.0 36.0
583 32.0 30.0
584 22.0 16.0
585 32.0 62.0
586 0.0 62.0
587 20.0 6.0
588 26.0 14.0
589 26.0 70.0
590 32.0 32.0
591 48.0 56.0
592 0.0 32.0
593 18.0 2.0
594 24.0 34.0
595 48.0 58.0
596 40.0 64.0
597 28.0 66.0
598 48.0 60.0
599 24.0 36.0
600 40.0 30.0
601 28.0 0.0
602 16.0 6.0
603 40.0 62.0
604 48.0 26.0
605 48.0 54.0
606 34.0 46.0
607 48.0 2.0
608 18.0 58.0
609 36.0 34.0
610 34.0 68.0
611 30.0 64.0
612 22.0 28.0
613 34.0 22.0
614 44.0 66.0
615 32.0 70.0
616 0.0 70.0
617 18.0 56.0
618 26.0 32.0
619 50.0 52.0
620 2.0 0.0
621 18.0 26.0
622 42.0 24.0
623 2.0 66.0
624 50.0 50.0
625 46.0 4.0
626 18.0 54.0
627 8.0 4.0
628 36.0 36.0
629 30.0 30.0
630 18.0 60.0
631 44.0 0.0
632 50.0 20.0
633 34.0 48.0
634 30.0 62.0
635 22.0 58.0
636 44.0 34.0
637 42.0 46.0
638 50.0 44.0
639 42.0 22.0
640 36.0 66.0
641 42.0 68.0
642 26.0 64.0
643 18.0 28.0
644 50.0 38.0
645 40.0 70.0
646 22.0 56.0
647 30.0 32.0
648 2.0 36.0
649 34.0 24.0
650 50.0 40.0
651 22.0 26.0
652 2.0 34.0
653 38.0 4.0
654 22.0 54.0
655 36.0 0.0
656 42.0 48.0
657 10.0 4.0
658 44.0 36.0
659 26.0 30.0
660 22.0 60.0
661 26.0 62.0
662 50.0 42.0
663 50.0 68.0
664 22.0 64.0
665 30.0 28.0
666 42.0 44.0
667 50.0 22.0
668 50.0 46.0
669 32.0 2.0
670 26.0 58.0
671 0.0 2.0
672 26.0 56.0
673 18.0 32.0
674 34.0 52.0
675 42.0 38.0
676 48.0 70.0
677 34.0 50.0
678 26.0 54.0
679 26.0 26.0
680 42.0 40.0
681 36.0 6.0
682 42.0 42.0
683 22.0 62.0
684 22.0 30.0
685 12.0 4.0
686 26.0 60.0
687 34.0 20.0
688 50.0 48.0
689 34.0 44.0
690 18.0 64.0
691 26.0 28.0
692 30.0 58.0
693 40.0 2.0
694 42.0 52.0
695 30.0 56.0
696 22.0 32.0
697 34.0 38.0
698 2.0 6.0
699 30.0 54.0
700 42.0 50.0
701 50.0 24.0
702 34.0 40.0
703 30.0 26.0
704 18.0 62.0
705 44.0 6.0
706 34.0 42.0
707 42.0 20.0
708 18.0 30.0
709 14.0 4.0
710 30.0 60.0
711 22.0 22.0
712 26.0 44.0
713 34.0 28.0
714 50.0 64.0
715 22.0 68.0
716 42.0 58.0
717 4.0 0.0
718 22.0 46.0
719 26.0 18.0
720 30.0 52.0
721 42.0 56.0
722 26.0 38.0
723 42.0 54.0
724 16.0 4.0
725 30.0 50.0
726 26.0 40.0
727 18.0 24.0
728 42.0 26.0
729 50.0 62.0
730 26.0 42.0
731 4.0 66.0
732 22.0 48.0
733 30.0 20.0
734 42.0 60.0
735 50.0 30.0
736 42.0 28.0
737 18.0 68.0
738 18.0 22.0
739 6.0 6.0
740 30.0 44.0
741 18.0 46.0
742 4.0 36.0
743 34.0 58.0
744 50.0 32.0
745 34.0 56.0
746 26.0 52.0
747 30.0 38.0
748 26.0 50.0
749 34.0 54.0
750 20.0 4.0
751 34.0 26.0
752 30.0 40.0
753 22.0 24.0
754 30.0 42.0
755 34.0 60.0
756 4.0 34.0
757 18.0 48.0
758 26.0 20.0
759 6.0 0.0
760 30.0 46.0
761 30.0 22.0
762 18.0 44.0
763 50.0 28.0
764 34.0 64.0
765 30.0 68.0
766 18.0 38.0
767 22.0 52.0
768 42.0 32.0
769 18.0 40.0
770 26.0 24.0
771 24.0 4.0
772 22.0 50.0
773 30.0 48.0
774 22.0 20.0
775 34.0 30.0
776 34.0 62.0
777 18.0 42.0
778 6.0 66.0
779 26.0 46.0
780 6.0 36.0
781 50.0 58.0
782 42.0 64.0
783 26.0 68.0
784 4.0 6.0
785 26.0 22.0
786 22.0 44.0
787 22.0 38.0
788 34.0 32.0
789 50.0 56.0
790 22.0 18.0
791 18.0 52.0
792 50.0 26.0
793 22.0 40.0
794 30.0 24.0
795 18.0 50.0
796 50.0 54.0
797 28.0 4.0
798 50.0 60.0
799 6.0 34.0
800 42.0 30.0
801 26.0 48.0
802 18.0 20.0
803 22.0 42.0
804 42.0 62.0
*Edges
25 497 1.0
709 724 1.0
215 183 1.0
229 213 1.0
670 686 1.0
378 255 1.0
702 706 1.0
773 725 1.0
780 485 1.0
18 89 1.0
106 115 1.0
77 301 1.0
741 757 1.0
40 9 1.0
509 680 1.0
225 25 1.0
750 353 1.0
220 49 1.0
479 472 1.0
116 594 1.0
191 200 1.0
478 266 1.0
724 322 1.0
375 278 1.0
34 447 1.0
250 574 1.0
303 197 1.0
477 527 1.0
279 277 1.0
589 150 1.0
46 246 1.0
409 550 1.0
546 97 1.0
250 647 1.0
171 90 1.0
199 190 1.0
442 605 1.0
676 492 1.0
659 189 1.0
306 199 1.0
463 442 1.0
760 444 1.0
342 512 1.0
500 682 1.0
221 300 1.0
798 729 1.0
153 142 1.0
530 702 1.0
245 212 1.0
673 139 1.0
741 343 1.0
38 135 1.0
71 731 1.0
781 798 1.0
371 738 1.0
436 417 1.0
778 440 1.0
733 761 1.0
240 231 1.0
368 132 1.0
438 185 1.0
734 804 1.0
276 69 1.0
241 304 1.0
743 138 1.0
452 243 1.0
104 328 1.0
219 654 1.0
576 429 1.0
693 8 1.0
718 426 1.0
309 535 1.0
240 406 1.0
359 411 1.0
263 271 1.0
648 742 1.0
491 515 1.0
461 549 1.0
504 526 1.0
801 748 1.0
759 462 1.0
674 60 1.0
95 284 1.0
231 384 1.0
302 76 1.0
159 418 1.0
498 36 1.0
391 773 1.0
238 495 1.0
672 316 1.0
212 21 1.0
774 366 1.0
390 337 1.0
419 185 1.0
768 152 1.0
219 251 1.0
669 497 1.0
740 516 1.0
14 709 1.0
78 287 1.0
369 578 1.0
753 651 1.0
682 666 1.0
103 107 1.0
485 465 1.0
661 642 1.0
545 734 1.0
176 724 1.0
440 245 1.0
496 503 1.0
790 774 1.0
692 559 1.0
395 402 1.0
69 51 1.0
412 294 1.0
489 567 1.0
723 721 1.0
6 182 1.0
602 162 1.0
642 205 1.0
61 155 1.0
45 410 1.0
100 334 1.0
130 138 1.0
633 3 1.0
433 787 1.0
143 392 1.0
1 50 1.0
135 173 1.0
183 289 1.0
16 519 1.0
185 214 1.0
658 62 1.0
562 121 1.0
536 128 1.0
472 496 1.0
358 753 1.0
481 568 1.0
438 791 1.0
534 169 1.0
28 90 1.0
223 288 1.0
508 480 1.0
301 238 1.0
690 271 1.0
22 29 1.0
203 267 1.0
777 423 1.0
526 14 1.0
175 137 1.0
283 466 1.0
183 268 1.0
738 727 1.0
695 551 1.0
356 549 1.0
364 393 1.0
548 723 1.0
661 197 1.0
643 203 1.0
397 408 1.0
37 14 1.0
365 81 1.0
346 591 1.0
155 110 1.0
709 460 1.0
464 705 1.0
335 341 1.0
607 445 1.0
525 506 1.0
680 682 1.0
335 364 1.0
694 723 1.0
175 118 1.0
206 474 1.0
553 109 1.0
71 27 1.0
200 419 1.0
535 111 1.0
336 426 1.0
399 391 1.0
699 567 1.0
402 473 1.0
431 786 1.0
423 803 1.0
685 709 1.0
750 587 1.0
244 576 1.0
135 174 1.0
50 347 1.0
769 413 1.0
483 570 1.0
272 472 1.0
267 315 1.0
84 80 1.0
307 297 1.0
332 733 1.0
771 560 1.0
611 579 1.0
170 89 1.0
121 766 1.0
2 628 1.0
377 408 1.0
27 778 1.0
67 41 1.0
622 728 1.0
667 701 1.0
385 357 1.0
718 732 1.0
660 683 1.0
363 395 1.0
609 628 1.0
257 482 1.0
56 33 1.0
58 335 1.0
127 130 1.0
224 237 1.0
723 102 1.0
443 517 1.0
357 329 1.0
365 572 1.0
200 438 1.0
100 165 1.0
260 297 1.0
345 719 1.0
415 32 1.0
409 470 1.0
361 370 1.0
289 224 1.0
640 19 1.0
178 614 1.0
329 295 1.0
286 699 1.0
423 431 1.0
77 44 1.0
19 209 1.0
739 529 1.0
366 758 1.0
403 765 1.0
66 61 1.0
351 748 1.0
179 765 1.0
164 245 1.0
413 423 1.0
599 158 1.0
325 344 1.0
269 206 1.0
653 8 1.0
210 233 1.0
88 306 1.0
737 338 1.0
695 692 1.0
786 718 1.0
568 751 1.0
7 54 1.0
728 736 1.0
523 706 1.0
537 583 1.0
679 294 1.0
177 158 1.0
334 598 1.0
120 164 1.0
74 705 1.0
189 250 1.0
716 734 1.0
64 166 1.0
117 541 1.0
208 194 1.0
564 586 1.0
408 388 1.0
177 574 1.0
401 761 1.0
577 242 1.0
174 131 1.0
594 599 1.0
152 409 1.0
325 725 1.0
298 326 1.0
418 547 1.0
208 240 1.0
581 592 1.0
648 47 1.0
351 378 1.0
408 436 1.0
747 752 1.0
62 283 1.0
144 395 1.0
596 782 1.0
480 460 1.0
422 801 1.0
310 692 1.0
93 173 1.0
324 355 1.0
757 795 1.0
783 589 1.0
788 172 1.0
288 313 1.0
518 446 1.0
601 117 1.0
270 189 1.0
148 122 1.0
731 778 1.0
466 644 1.0
518 56 1.0
23 112 1.0
614 452 1.0
634 611 1.0
573 234 1.0
775 788 1.0
453 569 1.0
467 246 1.0
221 183 1.0
598 798 1.0
26 675 1.0
559 561 1.0
204 475 1.0
468 212 1.0
39 26 1.0
757 333 1.0
256 308 1.0
749 745 1.0
493 663 1.0
474 461 1.0
540 716 1.0
413 793 1.0
123 363 1.0
742 147 1.0
751 713 1.0
142 188 1.0
510 694 1.0
43 640 1.0
149 107 1.0
459 505 1.0
512 525 1.0
450 30 1.0
114 12 1.0
310 303 1.0
224 191 1.0
163 151 1.0
458 92 1.0
572 739 1.0
384 396 1.0
53 60 1.0
344 720 1.0
612 308 1.0
79 288 1.0
511 453 1.0
242 623 1.0
471 477 1.0
188 514 1.0
644 650 1.0
531 521 1.0
719 758 1.0
98 379 1.0
579 239 1.0
543 94 1.0
764 157 1.0
262 49 1.0
706 689 1.0
554 600 1.0
567 749 1.0
758 785 1.0
298 424 1.0
337 358 1.0
235 635 1.0
171 141 1.0
637 41 1.0
193 513 1.0
248 400 1.0
588 166 1.0
599 350 1.0
364 374 1.0
560 119 1.0
484 681 1.0
24 223 1.0
120 359 1.0
746 344 1.0
211 248 1.0
649 29 1.0
312 335 1.0
601 160 1.0
105 170 1.0
167 623 1.0
448 234 1.0
682 48 1.0
265 230 1.0
237 200 1.0
632 667 1.0
435 405 1.0
506 240 1.0
608 630 1.0
279 672 1.0
139 539 1.0
708 673 1.0
634 585 1.0
63 72 1.0
429 783 1.0
502 454 1.0
519 13 1.0
111 555 1.0
63 330 1.0
65 132 1.0
586 170 1.0
154 575 1.0
677 53 1.0
273 260 1.0
295 309 1.0
68 653 1.0
40 416 1.0
619 796 1.0
771 386 1.0
24 79 1.0
99 101 1.0
226 263 1.0
501 450 1.0
22 206 1.0
97 787 1.0
614 46 1.0
775 143 1.0
347 377 1.0
785 401 1.0
479 662 1.0
344 286 1.0
590 201 1.0
139 121 1.0
228 26 1.0
308 229 1.0
537 713 1.0
415 94 1.0
174 221 1.0
49 681 1.0
11 63 1.0
582 142 1.0
484 653 1.0
156 597 1.0
192 4 1.0
194 231 1.0
756 742 1.0
333 732 1.0
136 556 1.0
398 428 1.0
486 504 1.0
196 330 1.0
230 244 1.0
4 520 1.0
143 172 1.0
505 489 1.0
213 618 1.0
243 35 1.0
165 425 1.0
218 651 1.0
190 252 1.0
106 346 1.0
722 726 1.0
465 307 1.0
743 755 1.0
317 285 1.0
717 421 1.0
190 477 1.0
542 538 1.0
435 352 1.0
617 251 1.0
432 383 1.0
67 272 1.0
463 624 1.0
762 741 1.0
586 577 1.0
535 368 1.0
645 467 1.0
703 568 1.0
424 405 1.0
223 503 1.0
146 95 1.0
462 486 1.0
646 279 1.0
11 28 1.0
500 494 1.0
301 457 1.0
321 304 1.0
406 766 1.0
460 602 1.0
30 118 1.0
206 217 1.0
286 316 1.0
786 336 1.0
510 548 1.0
57 48 1.0
490 675 1.0
252 527 1.0
425 430 1.0
270 665 1.0
625 522 1.0
145 16 1.0
104 133 1.0
125 161 1.0
491 317 1.0
304 708 1.0
756 799 1.0
226 660 1.0
465 525 1.0
82 30 1.0
294 270 1.0
216 396 1.0
173 168 1.0
725 720 1.0
327 726 1.0
532 784 1.0
572 627 1.0
705 522 1.0
317 86 1.0
181 216 1.0
441 465 1.0
27 434 1.0
580 136 1.0
691 270 1.0
385 404 1.0
608 235 1.0
565 124 1.0
624 619 1.0
649 751 1.0
516 444 1.0
496 668 1.0
439 209 1.0
696 116 1.0
552 557 1.0
655 274 1.0
606 15 1.0
548 533 1.0
158 722 1.0
772 767 1.0
374 397 1.0
372 367 1.0
473 207 1.0
214 202 1.0
797 415 1.0
565 154 1.0
622 6 1.0
295 704 1.0
651 612 1.0
326 727 1.0
167 71 1.0
675 680 1.0
693 520 1.0
101 1 1.0
580 140 1.0
442 619 1.0
137 291 1.0
59 37 1.0
638 668 1.0
178 430 1.0
663 492 1.0
350 722 1.0
530 523 1.0
170 167 1.0
91 498 1.0
444 459 1.0
110 258 1.0
395 603 1.0
255 279 1.0
81 59 1.0
652 756 1.0
146 125 1.0
427 214 1.0
702 80 1.0
728 104 1.0
233 362 1.0
664 244 1.0
470 276 1.0
142 747 1.0
641 46 1.0
452 305 1.0
673 315 1.0
668 688 1.0
181 211 1.0
521 61 1.0
255 678 1.0
474 639 1.0
155 146 1.0
578 547 1.0
418 409 1.0
635 660 1.0
331 730 1.0
773 459 1.0
636 658 1.0
569 584 1.0
131 300 1.0
684 696 1.0
369 418 1.0
322 162 1.0
732 772 1.0
122 563 1.0
249 221 1.0
296 500 1.0
410 385 1.0
134 576 1.0
469 441 1.0
196 233 1.0
300 312 1.0
731 120 1.0
92 625 1.0
420 371 1.0
84 319 1.0
176 593 1.0
799 780 1.0
169 589 1.0
233 261 1.0
727 621 1.0
261 394 1.0
620 717 1.0
331 336 1.0
266 51 1.0
43 610 1.0
609 448 1.0
630 704 1.0
205 611 1.0
386 119 1.0
268 275 1.0
476 192 1.0
554 736 1.0
261 298 1.0
446 33 1.0
414 795 1.0
172 437 1.0
754 523 1.0
66 149 1.0
334 425 1.0
428 342 1.0
305 87 1.0
550 276 1.0
73 88 1.0
791 626 1.0
275 237 1.0
689 88 1.0
430 452 1.0
159 152 1.0
251 235 1.0
188 2 1.0
584 790 1.0
204 10 1.0
144 157 1.0
6 104 1.0
61 56 1.0
62 57 1.0
625 78 1.0
525 208 1.0
701 792 1.0
247 210 1.0
212 317 1.0
81 627 1.0
363 545 1.0
568 537 1.0
406 384 1.0
733 502 1.0
55 9 1.0
726 730 1.0
629 583 1.0
555 338 1.0
107 110 1.0
749 127 1.0
272 236 1.0
210 318 1.0
105 18 1.0
123 144 1.0
448 455 1.0
767 654 1.0
523 516 1.0
694 83 1.0
751 129 1.0
737 553 1.0
347 324 1.0
794 703 1.0
187 630 1.0
352 321 1.0
529 508 1.0
725 505 1.0
82 175 1.0
782 178 1.0
587 145 1.0
611 179 1.0
475 641 1.0
288 463 1.0
129 113 1.0
53 252 1.0
274 484 1.0
273 307 1.0
265 686 1.0
802 390 1.0
640 473 1.0
449 610 1.0
631 311 1.0
180 241 1.0
626 219 1.0
99 7 1.0
290 421 1.0
360 752 1.0
2 697 1.0
570 112 1.0
762 431 1.0
780 103 1.0
637 656 1.0
792 763 1.0
715 534 1.0
141 55 1.0
466 482 1.0
383 770 1.0
410 434 1.0
469 485 1.0
556 386 1.0
161 174 1.0
544 96 1.0
559 743 1.0
85 148 1.0
407 767 1.0
13 443 1.0
567 551 1.0
712 370 1.0
795 791 1.0
51 644 1.0
521 518 1.0
320 215 1.0
752 754 1.0
341 374 1.0
376 533 1.0
575 353 1.0
621 643 1.0
579 764 1.0
517 64 1.0
544 176 1.0
68 693 1.0
277 670 1.0
1 18 1.0
3 190 1.0
271 555 1.0
252 280 1.0
449 615 1.0
683 230 1.0
277 265 1.0
269 524 1.0
662 638 1.0
319 292 1.0
471 637 1.0
346 340 1.0
772 351 1.0
79 83 1.0
238 182 1.0
653 499 1.0
437 448 1.0
12 58 1.0
253 191 1.0
42 21 1.0
481 649 1.0
799 469 1.0
502 687 1.0
319 490 1.0
795 389 1.0
713 113 1.0
542 729 1.0
656 700 1.0
503 463 1.0
429 169 1.0
207 20 1.0
779 399 1.0
4 631 1.0
274 68 1.0
103 273 1.0
343 333 1.0
547 550 1.0
192 693 1.0
161 249 1.0
628 84 1.0
595 781 1.0
447 698 1.0
328 369 1.0
352 342 1.0
593 322 1.0
666 67 1.0
434 404 1.0
776 764 1.0
566 552 1.0
371 326 1.0
153 201 1.0
323 346 1.0
244 642 1.0
430 538 1.0
162 587 1.0
76 445 1.0
147 103 1.0
803 786 1.0
315 696 1.0
456 507 1.0
387 428 1.0
60 280 1.0
643 708 1.0
583 775 1.0
531 66 1.0
118 108 1.0
711 753 1.0
46 243 1.0
654 646 1.0
312 275 1.0
26 658 1.0
774 711 1.0
152 636 1.0
362 349 1.0
761 454 1.0
729 714 1.0
109 534 1.0
187 295 1.0
229 659 1.0
533 540 1.0
14 176 1.0
303 710 1.0
309 690 1.0
511 13 1.0
368 737 1.0
367 414 1.0
381 348 1.0
128 171 1.0
748 325 1.0
264 698 1.0
90 40 1.0
12 7 1.0
56 146 1.0
711 432 1.0
742 780 1.0
770 679 1.0
348 309 1.0
54 50 1.0
585 776 1.0
670 310 1.0
382 416 1.0
290 447 1.0
677 674 1.0
156 783 1.0
285 368 1.0
281 253 1.0
397 427 1.0
483 23 1.0
8 299 1.0
748 746 1.0
394 424 1.0
738 337 1.0
44 6 1.0
679 691 1.0
504 37 1.0
560 519 1.0
378 746 1.0
373 540 1.0
20 641 1.0
561 585 1.0
779 801 1.0
566 114 1.0
434 440 1.0
138 123 1.0
455 228 1.0
444 606 1.0
627 657 1.0
431 343 1.0
297 194 1.0
457 495 1.0
588 563 1.0
34 264 1.0
704 263 1.0
379 332 1.0
133 159 1.0
197 205 1.0
440 468 1.0
454 481 1.0
47 147 1.0
425 542 1.0
404 468 1.0
687 613 1.0
803 331 1.0
461 622 1.0
324 410 1.0
564 105 1.0
524 707 1.0
576 156 1.0
689 606 1.0
201 188 1.0
655 476 1.0
520 311 1.0
437 573 1.0
137 163 1.0
724 602 1.0
349 435 1.0
505 677 1.0
95 161 1.0
258 284 1.0
184 420 1.0
259 479 1.0
72 40 1.0
293 181 1.0
322 750 1.0
692 710 1.0
412 794 1.0
472 638 1.0
495 667 1.0
657 685 1.0
690 111 1.0
114 99 1.0
115 100 1.0
629 647 1.0
222 184 1.0
258 293 1.0
759 365 1.0
615 439 1.0
787 350 1.0
391 325 1.0
777 762 1.0
29 129 1.0
38 93 1.0
659 618 1.0
654 255 1.0
494 471 1.0
606 633 1.0
562 406 1.0
536 581 1.0
119 543 1.0
681 499 1.0
387 352 1.0
282 298 1.0
220 484 1.0
427 436 1.0
597 403 1.0
721 106 1.0
675 62 1.0
527 700 1.0
411 42 1.0
753 383 1.0
392 437 1.0
268 224 1.0
526 544 1.0
451 31 1.0
747 514 1.0
203 612 1.0
349 387 1.0
211 314 1.0
745 130 1.0
538 305 1.0
477 656 1.0
17 609 1.0
333 389 1.0
241 643 1.0
549 728 1.0
339 392 1.0
136 771 1.0
618 177 1.0
232 359 1.0
247 196 1.0
490 509 1.0
671 34 1.0
704 690 1.0
528 604 1.0
3 53 1.0
116 97 1.0
281 372 1.0
672 670 1.0
801 391 1.0
639 44 1.0
543 498 1.0
736 133 1.0
628 455 1.0
332 401 1.0
113 143 1.0
403 150 1.0
623 31 1.0
700 694 1.0
600 573 1.0
488 506 1.0
563 719 1.0
594 177 1.0
497 220 1.0
10 645 1.0
381 491 1.0
476 68 1.0
778 164 1.0
157 640 1.0
581 171 1.0
804 782 1.0
470 478 1.0
487 75 1.0
404 381 1.0
604 578 1.0
287 5 1.0
367 757 1.0
193 648 1.0
91 443 1.0
73 296 1.0
401 412 1.0
660 265 1.0
561 755 1.0
485 273 1.0
289 253 1.0
35 676 1.0
83 313 1.0
189 629 1.0
610 19 1.0
380 747 1.0
758 332 1.0
422 351 1.0
577 167 1.0
253 367 1.0
9 799 1.0
487 566 1.0
362 394 1.0
376 373 1.0
118 163 1.0
121 546 1.0
282 371 1.0
482 479 1.0
195 5 1.0
377 355 1.0
610 439 1.0
450 483 1.0
126 312 1.0
421 532 1.0
267 684 1.0
297 293 1.0
271 664 1.0
15 3 1.0
141 652 1.0
338 715 1.0
765 449 1.0
516 689 1.0
541 669 1.0
361 754 1.0
719 379 1.0
665 629 1.0
441 512 1.0
97 599 1.0
307 208 1.0
478 283 1.0
296 306 1.0
316 695 1.0
603 804 1.0
636 470 1.0
635 277 1.0
345 366 1.0
197 634 1.0
236 496 1.0
134 715 1.0
314 289 1.0
321 375 1.0
596 207 1.0
522 195 1.0
80 292 1.0
168 126 1.0
512 488 1.0
311 92 1.0
356 339 1.0
424 180 1.0
517 588 1.0
222 318 1.0
340 595 1.0
87 663 1.0
769 777 1.0
499 299 1.0
613 649 1.0
647 153 1.0
41 24 1.0
21 86 1.0
353 145 1.0
207 475 1.0
793 803 1.0
763 735 1.0
316 310 1.0
320 211 1.0
130 376 1.0
605 796 1.0
72 382 1.0
464 625 1.0
284 320 1.0
242 451 1.0
234 228 1.0
259 272 1.0
313 323 1.0
235 226 1.0
793 327 1.0
382 349 1.0
532 572 1.0
52 269 1.0
260 258 1.0
740 760 1.0
59 657 1.0
293 320 1.0
665 537 1.0
160 541 1.0
394 435 1.0
790 345 1.0
75 114 1.0
456 38 1.0
280 354 1.0
337 711 1.0
285 65 1.0
591 789 1.0
239 449 1.0
179 239 1.0
475 645 1.0
612 684 1.0
166 98 1.0
366 432 1.0
765 571 1.0
687 52 1.0
697 702 1.0
783 403 1.0
216 248 1.0
789 781 1.0
551 559 1.0
160 225 1.0
541 415 1.0
642 156 1.0
419 427 1.0
186 464 1.0
184 282 1.0
380 360 1.0
172 609 1.0
796 789 1.0
647 590 1.0
182 328 1.0
607 78 1.0
292 296 1.0
30 23 1.0
48 259 1.0
746 678 1.0
574 582 1.0
18 70 1.0
592 198 1.0
149 155 1.0
710 634 1.0
311 464 1.0
800 159 1.0
266 466 1.0
148 588 1.0
343 718 1.0
398 469 1.0
574 153 1.0
90 55 1.0
388 417 1.0
256 679 1.0
453 85 1.0
515 285 1.0
113 339 1.0
350 327 1.0
102 323 1.0
735 744 1.0
514 697 1.0
314 281 1.0
631 458 1.0
357 381 1.0
168 12 1.0
584 122 1.0
730 361 1.0
583 590 1.0
44 238 1.0
407 219 1.0
354 376 1.0
45 27 1.0
755 776 1.0
327 331 1.0
708 267 1.0
330 362 1.0
416 398 1.0
75 168 1.0
375 488 1.0
503 688 1.0
436 202 1.0
80 73 1.0
768 39 1.0
308 691 1.0
302 607 1.0
623 731 1.0
658 478 1.0
55 756 1.0
370 740 1.0
578 763 1.0
785 770 1.0
520 186 1.0
7 1 1.0
524 474 1.0
547 735 1.0
421 365 1.0
36 64 1.0
392 600 1.0
595 598 1.0
585 579 1.0
545 603 1.0
641 467 1.0
225 669 1.0
199 471 1.0
486 59 1.0
794 481 1.0
245 42 1.0
501 82 1.0
428 441 1.0
627 529 1.0
304 278 1.0
339 554 1.0
651 256 1.0
217 461 1.0
556 117 1.0
494 666 1.0
164 411 1.0
680 57 1.0
283 257 1.0
25 655 1.0
797 543 1.0
32 262 1.0
70 45 1.0
227 671 1.0
620 290 1.0
186 74 1.0
703 665 1.0
552 99 1.0
214 617 1.0
112 128 1.0
280 510 1.0
443 36 1.0
519 91 1.0
482 650 1.0
111 737 1.0
507 93 1.0
462 81 1.0
656 24 1.0
341 347 1.0
17 2 1.0
598 542 1.0
89 71 1.0
31 232 1.0
330 382 1.0
766 769 1.0
313 442 1.0
455 319 1.0
278 673 1.0
217 356 1.0
158 582 1.0
489 674 1.0
131 126 1.0
714 87 1.0
13 85 1.0
370 399 1.0
674 749 1.0
506 562 1.0
495 528 1.0
766 433 1.0
218 203 1.0
33 125 1.0
16 511 1.0
388 357 1.0
115 340 1.0
707 77 1.0
734 100 1.0
276 266 1.0
633 677 1.0
666 637 1.0
555 134 1.0
254 222 1.0
721 716 1.0
117 797 1.0
89 45 1.0
726 360 1.0
405 241 1.0
138 373 1.0
717 759 1.0
386 797 1.0
473 204 1.0
140 556 1.0
400 372 1.0
669 32 1.0
454 613 1.0
58 54 1.0
730 712 1.0
432 785 1.0
201 17 1.0
384 769 1.0
569 148 1.0
686 661 1.0
573 768 1.0
140 601 1.0
154 750 1.0
597 179 1.0
32 220 1.0
374 377 1.0
417 187 1.0
497 274 1.0
549 554 1.0
275 364 1.0
509 500 1.0
528 701 1.0
340 334 1.0
405 321 1.0
329 348 1.0
52 22 1.0
127 354 1.0
744 69 1.0
533 721 1.0
191 414 1.0
108 11 1.0
213 594 1.0
373 363 1.0
205 597 1.0
393 397 1.0
451 616 1.0
284 249 1.0
129 356 1.0
294 703 1.0
119 91 1.0
592 141 1.0
722 380 1.0
355 388 1.0
342 375 1.0
515 535 1.0
9 398 1.0
551 745 1.0
326 180 1.0
546 433 1.0
459 633 1.0
671 290 1.0
227 620 1.0
699 695 1.0
108 151 1.0
527 510 1.0
570 536 1.0
112 11 1.0
691 659 1.0
318 261 1.0
616 232 1.0
720 699 1.0
257 259 1.0
700 79 1.0
630 226 1.0
338 109 1.0
646 635 1.0
150 571 1.0
563 98 1.0
122 345 1.0
318 282 1.0
678 286 1.0
782 20 1.0
402 596 1.0
145 560 1.0
558 139 1.0
19 204 1.0
557 101 1.0
539 546 1.0
125 135 1.0
684 229 1.0
426 779 1.0
626 617 1.0
686 303 1.0
664 134 1.0
299 74 1.0
151 63 1.0
539 116 1.0
239 43 1.0
107 260 1.0
173 131 1.0
716 115 1.0
558 562 1.0
745 743 1.0
639 622 1.0
591 595 1.0
710 561 1.0
78 195 1.0
400 762 1.0
657 508 1.0
147 149 1.0
420 802 1.0
770 412 1.0
383 256 1.0
761 794 1.0
600 800 1.0
613 22 1.0
96 565 1.0
752 530 1.0
707 639 1.0
414 438 1.0
685 480 1.0
132 553 1.0
603 596 1.0
390 774 1.0
336 712 1.0
389 407 1.0
696 213 1.0
557 564 1.0
231 216 1.0
230 661 1.0
621 218 1.0
157 402 1.0
209 10 1.0
96 593 1.0
571 615 1.0
446 456 1.0
396 400 1.0
393 419 1.0
575 136 1.0
41 236 1.0
540 545 1.0
488 558 1.0
23 108 1.0
57 257 1.0
760 773 1.0
396 777 1.0
732 422 1.0
263 683 1.0
246 35 1.0
698 784 1.0
358 218 1.0
251 646 1.0
292 509 1.0
110 95 1.0
328 604 1.0
315 539 1.0
15 199 1.0
513 531 1.0
736 800 1.0
92 607 1.0
182 528 1.0
787 793 1.0
93 75 1.0
29 217 1.0
198 193 1.0
417 329 1.0
31 120 1.0
618 250 1.0
389 772 1.0
163 247 1.0
604 792 1.0
348 515 1.0
715 429 1.0
202 187 1.0
493 676 1.0
37 685 1.0
355 385 1.0
360 361 1.0
457 632 1.0
28 72 1.0
278 558 1.0
86 65 1.0
236 223 1.0
582 380 1.0
784 739 1.0
215 314 1.0
185 626 1.0
706 73 1.0
513 47 1.0
550 744 1.0
788 17 1.0
605 591 1.0
468 491 1.0
593 154 1.0
650 662 1.0
124 575 1.0
353 771 1.0
151 196 1.0
228 490 1.0
305 493 1.0
198 652 1.0
291 247 1.0
50 70 1.0
754 740 1.0
234 39 1.0
202 608 1.0
617 608 1.0
237 393 1.0
128 28 1.0
776 144 1.0
133 369 1.0
447 532 1.0
33 38 1.0
306 494 1.0
8 186 1.0
590 788 1.0
124 580 1.0
85 517 1.0
767 378 1.0
254 210 1.0
800 768 1.0
433 413 1.0
60 127 1.0
372 741 1.0
88 15 1.0
20 614 1.0
54 341 1.0
291 254 1.0
713 775 1.0
70 324 1.0
514 530 1.0
683 664 1.0
101 105 1.0
102 106 1.0
445 287 1.0
399 760 1.0
39 636 1.0
458 302 1.0
94 262 1.0
354 548 1.0
426 422 1.0
248 281 1.0
243 493 1.0
720 489 1.0
180 621 1.0
507 487 1.0
652 648 1.0
802 738 1.0
416 387 1.0
678 672 1.0
804 165 1.0
323 605 1.0
194 181 1.0
764 43 1.0
697 84 1.0
712 779 1.0
249 215 1.0
755 123 1.0
165 178 1.0
791 407 1.0
126 58 1.0
688 624 1.0
538 714 1.0
727 358 1.0
47 66 1.0
48 67 1.0
83 102 1.0
300 268 1.0
