*Vertices 1681
1 9.5 4.0
2 9.0 5.0
3 1.0 8.5
4 3.25 3.25
5 5.5 1.75
6 6.75 7.0
7 6.5 3.0
8 3.0 8.25
9 6.25 10.0
10 7.75 9.25
11 4.75 7.25
12 5.25 0.25
13 6.75 6.75
14 4.75 7.5
15 7.25 8.75
16 4.5 2.25
17 3.75 1.25
18 9.0 4.75
19 9.75 1.5
20 2.25 4.0
21 3.75 0.5
22 6.75 9.5
23 4.5 2.5
24 7.25 9.75
25 3.5 8.5
26 4.75 8.0
27 8.25 0.25
28 6.75 6.25
29 1.25 8.25
30 2.25 3.75
31 5.5 1.5
32 9.0 4.25
33 3.25 3.5
34 0.25 2.0
35 9.75 1.75
36 9.0 4.5
37 9.5 3.75
38 4.75 7.75
39 6.25 9.0
40 6.5 2.75
41 7.5 1.0
42 6.75 6.5
43 1.5 8.5
44 9.0 5.25
45 2.25 3.25
46 7.5 1.75
47 0.0 1.25
48 2.0 8.25
49 4.25 10.0
50 5.75 9.25
51 6.75 7.25
52 9.75 1.0
53 0.0 0.5
54 4.75 7.0
55 4.5 3.0
56 6.75 7.5
57 5.25 8.75
58 10.0 2.0
59 2.75 1.25
60 6.5 2.25
61 8.25 9.75
62 8.5 8.25
63 7.25 0.25
64 4.75 6.75
65 9.5 3.25
66 2.75 0.5
67 9.0 5.5
68 3.25 4.0
69 4.75 6.25
70 6.5 2.5
71 4.75 9.5
72 8.25 8.75
73 5.25 9.75
74 2.5 8.5
75 6.75 8.0
76 3.25 3.75
77 7.5 1.5
78 9.0 6.0
79 1.75 8.25
80 9.5 3.5
81 2.25 3.5
82 9.0 5.75
83 4.5 2.75
84 5.5 1.0
85 4.75 6.5
86 6.75 7.75
87 9.25 9.25
88 4.25 9.0
89 10.0 0.25
90 3.25 3.0
91 9.5 2.25
92 7.25 2.0
93 6.0 8.25
94 9.0 7.5
95 9.25 0.0
96 4.75 4.75
97 0.5 8.5
98 6.75 5.5
99 2.75 1.75
100 6.5 3.25
101 4.75 5.0
102 4.5 4.0
103 0.25 9.75
104 6.75 5.25
105 7.5 0.5
106 0.0 1.75
107 5.75 0.75
108 9.0 7.25
109 2.25 2.25
110 7.5 1.25
111 6.75 5.75
112 0.25 8.75
113 4.5 3.75
114 2.75 1.5
115 4.75 4.5
116 2.25 2.5
117 9.25 0.75
118 7.0 8.5
119 9.0 7.75
120 9.0 8.0
121 9.5 2.5
122 0.0 1.5
123 3.75 1.0
124 3.25 2.75
125 6.5 3.5
126 6.75 6.0
127 4.75 4.25
128 5.75 0.0
129 5.25 2.0
130 4.0 8.25
131 10.0 8.75
132 9.0 6.75
133 2.25 3.0
134 0.75 8.5
135 4.75 5.5
136 4.5 3.25
137 3.75 1.75
138 6.75 4.75
139 4.75 5.25
140 5.5 0.5
141 6.75 5.0
142 6.5 4.0
143 7.75 0.75
144 8.75 8.5
145 8.0 10.0
146 3.25 2.25
147 5.5 1.25
148 9.5 3.0
149 9.0 7.0
150 3.75 1.5
151 6.5 3.75
152 0.25 0.25
153 6.75 4.5
154 4.75 5.75
155 0.0 1.0
156 9.75 0.5
157 9.0 6.5
158 9.5 2.75
159 8.0 9.0
160 3.25 2.5
161 5.0 8.5
162 9.75 1.25
163 2.75 1.0
164 2.25 2.75
165 9.0 6.25
166 8.25 2.0
167 10.0 9.75
168 9.0 9.5
169 6.75 4.25
170 7.75 0.0
171 4.5 3.5
172 4.75 6.0
173 6.5 7.0
174 6.75 3.0
175 6.0 10.0
176 3.5 2.0
177 7.5 9.25
178 4.5 7.25
179 9.0 4.0
180 9.5 5.0
181 2.25 4.75
182 0.0 0.75
183 0.5 9.75
184 3.25 5.5
185 5.75 1.75
186 9.5 4.75
187 2.25 5.0
188 9.25 1.5
189 3.25 5.25
190 0.25 8.5
191 5.0 0.25
192 6.5 6.75
193 4.5 7.5
194 2.75 0.75
195 7.0 8.75
196 4.75 2.25
197 3.25 5.75
198 1.0 2.0
199 5.75 1.5
200 9.5 4.25
201 2.25 4.5
202 4.75 2.5
203 6.5 9.5
204 7.0 9.75
205 0.0 0.0
206 4.5 8.0
207 8.75 0.25
208 6.5 6.25
209 4.5 7.75
210 6.0 9.0
211 6.75 2.75
212 7.75 1.0
213 6.5 6.5
214 3.25 6.0
215 9.25 1.75
216 0.5 8.75
217 9.5 4.5
218 2.75 0.0
219 2.25 4.25
220 9.0 3.75
221 0.75 0.25
222 2.5 2.0
223 4.0 10.0
224 5.5 9.25
225 6.5 7.25
226 9.25 1.0
227 4.5 7.0
228 4.75 3.0
229 0.75 9.75
230 9.5 5.25
231 2.25 5.5
232 7.75 1.75
233 3.25 4.75
234 9.0 3.25
235 9.5 5.5
236 2.25 5.25
237 3.25 5.0
238 3.75 0.75
239 6.5 7.5
240 5.0 8.75
241 8.75 9.75
242 6.75 2.25
243 8.0 8.25
244 7.0 0.25
245 4.5 6.75
246 7.75 1.5
247 3.25 4.5
248 9.5 6.0
249 2.25 5.75
250 1.5 2.0
251 9.0 3.5
252 4.5 6.25
253 4.5 9.5
254 8.75 8.75
255 6.75 2.5
256 5.0 9.75
257 6.5 8.0
258 4.75 2.75
259 5.75 1.0
260 4.5 6.5
261 10.0 8.5
262 6.5 7.75
263 9.75 9.25
264 4.0 9.0
265 3.75 0.0
266 3.25 4.25
267 0.5 0.25
268 9.5 5.75
269 2.25 6.0
270 0.75 8.75
271 9.75 0.0
272 4.5 4.75
273 6.5 5.5
274 1.0 9.75
275 6.75 3.25
276 3.25 7.0
277 7.0 2.0
278 9.0 2.25
279 3.0 10.0
280 6.25 8.25
281 9.5 7.5
282 2.25 7.25
283 3.75 9.25
284 2.5 0.25
285 3.25 6.75
286 3.5 8.75
287 9.5 7.25
288 2.25 7.5
289 5.5 0.75
290 7.75 1.25
291 4.5 5.0
292 4.75 4.0
293 1.25 9.0
294 6.5 5.25
295 7.75 0.5
296 3.25 9.5
297 9.75 0.75
298 9.5 7.75
299 2.25 8.0
300 7.25 8.5
301 3.5 9.75
302 3.25 6.25
303 6.5 5.75
304 0.5 2.0
305 1.25 10.0
306 4.75 3.75
307 4.5 4.5
308 6.75 3.5
309 1.0 8.75
310 6.5 6.0
311 4.5 4.25
312 5.5 0.0
313 1.5 0.25
314 9.5 8.0
315 2.25 7.75
316 9.0 2.5
317 3.0 9.0
318 3.25 6.5
319 4.5 5.5
320 1.5 9.75
321 4.75 3.25
322 6.5 4.75
323 2.0 10.0
324 5.0 2.0
325 4.25 8.25
326 3.25 7.25
327 2.75 9.25
328 9.5 6.75
329 2.25 7.0
330 2.5 8.75
331 3.25 7.5
332 7.5 0.75
333 8.25 8.5
334 5.75 1.25
335 8.5 10.0
336 9.0 3.0
337 3.5 0.25
338 9.5 7.0
339 2.25 6.75
340 1.75 9.0
341 4.5 5.25
342 5.75 0.5
343 0.0 9.25
344 6.5 5.0
345 6.75 4.0
346 9.5 6.5
347 2.25 6.25
348 9.0 2.75
349 2.25 9.5
350 8.5 9.0
351 3.25 8.0
352 5.25 8.5
353 9.25 1.25
354 2.5 9.75
355 6.75 3.75
356 6.5 4.5
357 4.5 5.75
358 1.75 10.0
359 0.75 2.0
360 9.25 0.5
361 6.5 4.25
362 7.5 0.0
363 1.0 0.25
364 4.75 3.5
365 1.5 8.75
366 4.5 6.0
367 9.5 6.25
368 2.25 6.5
369 8.75 2.0
370 3.25 7.75
371 9.5 9.5
372 2.0 9.0
373 5.75 0.25
374 6.25 6.75
375 7.75 8.75
376 4.25 7.5
377 4.0 2.25
378 3.5 1.25
379 1.25 3.5
380 8.75 1.5
381 8.0 4.75
382 0.5 1.0
383 2.0 4.0
384 3.5 0.5
385 8.5 4.0
386 8.0 5.0
387 3.0 3.25
388 5.0 1.75
389 6.25 7.0
390 0.75 1.5
391 1.75 3.75
392 6.0 3.0
393 6.75 10.0
394 3.25 8.25
395 10.0 0.75
396 4.25 7.25
397 7.25 9.25
398 3.0 3.5
399 1.0 1.25
400 8.75 1.75
401 8.0 4.5
402 8.5 3.75
403 4.25 7.75
404 1.0 0.5
405 6.75 9.0
406 1.75 4.0
407 6.0 2.75
408 7.0 1.0
409 6.25 6.5
410 6.25 9.5
411 4.0 2.5
412 0.75 1.75
413 1.25 3.25
414 4.25 8.0
415 3.75 8.5
416 7.75 9.75
417 6.25 6.25
418 9.25 0.25
419 2.0 3.75
420 5.0 1.5
421 10.0 0.0
422 8.0 4.25
423 5.75 8.75
424 6.25 7.5
425 9.5 8.25
426 2.5 1.25
427 1.75 3.5
428 6.0 2.25
429 9.25 9.75
430 7.75 0.25
431 4.25 6.75
432 8.5 3.25
433 2.5 0.5
434 8.0 5.5
435 3.0 4.0
436 0.75 1.0
437 8.0 5.25
438 2.0 3.25
439 7.0 1.75
440 4.75 10.0
441 2.25 8.25
442 6.25 7.25
443 5.25 9.25
444 4.25 7.0
445 0.25 0.0
446 8.75 1.0
447 4.0 3.0
448 0.5 1.5
449 1.25 3.75
450 0.0 8.5
451 1.5 1.25
452 2.0 3.5
453 8.0 5.75
454 4.0 2.75
455 1.25 4.0
456 5.0 1.0
457 4.25 6.5
458 1.5 0.5
459 6.25 7.75
460 4.75 9.0
461 8.25 9.25
462 4.25 6.25
463 0.5 1.75
464 1.75 3.25
465 6.0 2.5
466 9.25 8.75
467 4.25 9.5
468 2.75 8.5
469 6.25 8.0
470 5.75 9.75
471 3.0 3.75
472 7.0 1.5
473 0.25 0.75
474 8.0 6.0
475 8.5 3.5
476 4.25 5.0
477 4.0 4.0
478 1.0 1.0
479 1.25 2.75
480 6.25 5.25
481 7.0 0.5
482 5.25 0.75
483 8.0 7.25
484 2.0 2.25
485 7.0 1.25
486 3.0 3.0
487 1.5 1.5
488 6.5 8.25
489 7.75 2.0
490 8.5 2.25
491 8.0 7.5
492 8.25 0.0
493 4.25 4.75
494 6.25 5.5
495 2.5 1.75
496 1.75 2.5
497 6.0 3.25
498 0.5 0.5
499 8.0 8.0
500 8.5 2.5
501 3.5 1.0
502 3.0 2.75
503 0.5 1.25
504 1.75 2.25
505 6.0 3.5
506 6.25 6.0
507 0.25 9.25
508 4.25 4.25
509 5.25 0.0
510 6.25 5.75
511 4.0 3.75
512 2.5 1.5
513 1.25 3.0
514 4.25 4.5
515 8.25 0.75
516 1.5 1.75
517 2.0 2.5
518 7.5 8.5
519 8.0 7.75
520 4.25 5.25
521 5.0 0.5
522 6.25 5.0
523 1.5 1.0
524 1.75 2.75
525 6.0 4.0
526 7.25 0.75
527 10.0 9.25
528 9.0 10.0
529 3.0 2.25
530 5.0 1.25
531 9.75 8.5
532 8.5 3.0
533 8.0 7.0
534 4.5 8.25
535 5.75 2.0
536 8.0 6.75
537 1.0 1.5
538 2.0 3.0
539 4.25 5.5
540 4.0 3.25
541 3.5 1.75
542 1.25 2.5
543 6.25 4.75
544 2.5 1.0
545 2.0 2.75
546 8.0 6.25
547 0.75 0.5
548 9.25 2.0
549 8.0 9.5
550 6.25 4.25
551 7.25 0.0
552 4.0 3.5
553 0.75 1.25
554 1.25 2.25
555 4.25 6.0
556 3.5 1.5
557 1.75 3.0
558 6.0 3.75
559 6.25 4.5
560 4.25 5.75
561 8.75 0.5
562 8.0 6.5
563 8.5 2.75
564 9.0 9.0
565 3.0 2.5
566 1.0 1.75
567 8.75 1.25
568 5.5 8.5
569 8.25 1.5
570 2.0 5.0
571 8.5 4.75
572 3.0 5.25
573 5.5 0.25
574 1.5 0.0
575 1.75 4.25
576 6.0 6.75
577 7.5 8.75
578 4.0 7.5
579 2.5 0.75
580 1.25 6.0
581 4.25 2.25
582 1.75 4.5
583 6.0 7.0
584 6.25 3.0
585 6.5 10.0
586 3.75 2.0
587 4.0 7.25
588 1.25 5.75
589 7.0 9.25
590 8.0 4.0
591 2.0 4.75
592 8.5 5.0
593 3.0 5.5
594 5.25 1.75
595 4.0 7.75
596 1.25 5.25
597 6.5 9.0
598 6.25 2.75
599 7.25 1.0
600 1.75 5.0
601 6.0 6.5
602 8.25 1.75
603 3.0 6.0
604 1.5 0.75
605 2.5 0.0
606 2.0 4.25
607 8.5 4.5
608 8.0 3.75
609 3.0 5.75
610 0.5 9.25
611 0.25 1.25
612 5.25 1.5
613 2.0 4.5
614 8.5 4.25
615 4.25 2.5
616 6.0 9.5
617 4.0 8.0
618 0.25 0.5
619 1.25 5.5
620 7.5 9.75
621 1.75 4.75
622 6.0 6.25
623 9.75 0.25
624 8.0 3.25
625 2.0 5.25
626 8.5 5.5
627 3.0 5.0
628 0.0 2.0
629 5.5 8.75
630 3.5 0.75
631 1.75 6.0
632 6.0 7.5
633 9.0 8.25
634 9.75 9.75
635 6.25 2.25
636 7.5 0.25
637 4.0 6.75
638 1.0 0.0
639 1.25 4.25
640 10.0 1.25
641 2.75 2.0
642 4.5 10.0
643 1.75 5.75
644 6.0 7.25
645 5.0 9.25
646 4.0 7.0
647 1.25 4.5
648 8.25 1.0
649 4.25 3.0
650 10.0 0.5
651 2.0 5.5
652 8.5 5.25
653 7.25 1.75
654 3.0 4.75
655 4.25 2.75
656 5.25 1.0
657 4.0 6.5
658 1.25 5.0
659 1.75 5.25
660 6.0 7.75
661 4.5 9.0
662 8.75 9.25
663 3.5 0.0
664 3.0 4.25
665 1.0 0.75
666 2.0 6.0
667 8.5 5.75
668 7.25 1.5
669 3.0 4.5
670 2.0 5.75
671 8.5 6.0
672 0.75 9.25
673 8.0 3.5
674 4.0 6.25
675 1.25 4.75
676 9.75 8.75
677 4.0 9.5
678 6.25 2.5
679 1.75 5.5
680 6.0 8.0
681 5.5 9.75
682 2.75 0.25
683 3.0 6.75
684 0.75 0.0
685 2.0 7.5
686 5.0 0.75
687 8.5 7.25
688 3.75 8.75
689 7.25 1.25
690 4.0 5.0
691 1.25 6.5
692 4.25 4.0
693 10.0 1.75
694 1.75 7.75
695 6.0 5.25
696 7.25 0.5
697 8.75 0.0
698 0.25 1.0
699 4.0 4.75
700 1.25 6.25
701 1.75 8.0
702 6.0 5.5
703 0.0 0.25
704 1.25 9.5
705 6.25 3.25
706 3.0 7.0
707 6.75 8.25
708 7.5 2.0
709 8.0 2.25
710 3.25 10.0
711 3.5 9.25
712 2.0 7.25
713 8.5 7.5
714 6.25 3.5
715 0.75 0.75
716 1.75 7.5
717 6.0 6.0
718 4.0 4.25
719 1.25 6.75
720 5.0 0.0
721 10.0 1.5
722 2.0 7.75
723 8.5 8.0
724 8.0 2.5
725 3.25 9.0
726 3.0 6.5
727 8.75 0.75
728 3.0 9.5
729 3.75 9.75
730 2.0 8.0
731 7.75 8.5
732 8.5 7.75
733 3.0 6.25
734 1.0 9.25
735 1.75 7.25
736 6.0 5.75
737 4.25 3.75
738 4.0 4.5
739 1.25 7.0
740 3.0 7.5
741 7.0 0.75
742 2.75 8.75
743 5.25 1.25
744 9.5 10.0
745 9.25 8.5
746 0.25 1.5
747 8.0 3.0
748 3.75 0.25
749 0.5 0.0
750 2.0 6.75
751 8.5 7.0
752 4.0 5.25
753 1.25 7.75
754 5.25 0.5
755 1.75 6.5
756 6.0 5.0
757 6.25 4.0
758 4.0 5.5
759 1.25 8.0
760 4.25 3.25
761 1.75 9.5
762 0.0 8.75
763 1.75 6.25
764 6.0 4.75
765 4.75 8.25
766 2.25 10.0
767 5.5 2.0
768 2.5 9.25
769 3.0 7.25
770 2.0 7.0
771 8.5 6.75
772 1.75 6.75
773 6.0 4.25
774 7.0 0.0
775 0.0 9.75
776 4.25 3.5
777 4.0 6.0
778 0.5 0.75
779 1.25 7.5
780 2.0 6.5
781 8.5 6.25
782 3.0 7.75
783 9.75 2.0
784 2.25 9.0
785 8.5 9.5
786 0.25 1.75
787 2.0 6.25
788 8.5 6.5
789 10.0 1.0
790 8.0 2.75
791 9.5 9.0
792 2.0 9.5
793 8.25 1.25
794 2.75 9.75
795 3.0 8.0
796 5.75 8.5
797 6.25 3.75
798 1.75 7.0
799 6.0 4.5
800 1.5 9.25
801 4.0 5.75
802 1.25 7.25
803 8.25 0.5
804 6.25 9.75
805 9.75 2.25
806 3.0 8.5
807 5.75 8.0
808 9.25 7.5
809 7.75 9.5
810 5.5 2.5
811 7.75 6.25
812 1.0 8.25
813 9.0 0.0
814 4.5 1.5
815 2.75 3.75
816 3.75 3.5
817 0.0 3.75
818 7.25 9.0
819 9.25 7.25
820 5.75 7.75
821 7.75 6.5
822 6.5 1.0
823 7.5 2.75
824 4.5 1.75
825 3.75 3.25
826 1.25 8.5
827 7.5 3.0
828 7.75 7.0
829 6.75 9.25
830 5.75 7.25
831 9.0 0.75
832 9.25 7.75
833 3.5 8.25
834 0.0 4.0
835 7.25 10.0
836 7.75 6.75
837 4.25 0.25
838 3.25 1.25
839 5.5 2.25
840 9.25 8.0
841 5.75 7.5
842 6.25 8.75
843 9.75 2.5
844 2.75 4.0
845 3.25 0.5
846 9.25 6.75
847 0.0 3.5
848 5.75 6.25
849 4.25 9.75
850 2.0 8.5
851 7.75 8.0
852 7.5 2.5
853 5.75 9.5
854 3.75 3.75
855 6.5 1.5
856 1.5 8.25
857 2.75 3.5
858 5.75 6.5
859 9.75 3.0
860 4.5 1.0
861 5.5 2.75
862 9.25 7.0
863 5.25 9.0
864 7.75 7.75
865 8.5 8.5
866 8.25 10.0
867 2.75 3.25
868 6.5 1.75
869 9.5 0.5
870 1.75 8.5
871 4.75 9.25
872 8.25 9.0
873 7.75 7.25
874 2.5 8.25
875 5.25 10.0
876 9.5 1.25
877 9.25 6.5
878 5.5 3.0
879 9.75 2.75
880 5.75 7.0
881 2.25 1.25
882 7.5 2.25
883 8.0 2.0
884 7.75 7.5
885 9.25 9.5
886 4.25 8.75
887 5.75 6.75
888 0.0 3.25
889 6.25 0.25
890 9.25 6.25
891 2.25 0.5
892 3.75 4.0
893 0.5 8.25
894 7.75 5.75
895 5.75 4.5
896 9.75 4.0
897 2.25 1.5
898 5.5 3.75
899 9.25 5.0
900 6.0 8.5
901 2.75 2.5
902 3.75 2.75
903 3.25 1.0
904 7.75 6.0
905 7.5 3.5
906 0.25 10.0
907 9.25 4.75
908 9.5 1.5
909 0.0 2.5
910 4.75 0.0
911 5.75 4.25
912 8.0 0.25
913 3.75 3.0
914 6.25 2.0
915 7.0 8.25
916 5.75 4.75
917 0.0 2.25
918 9.25 4.25
919 2.25 1.75
920 7.5 3.25
921 0.25 9.0
922 7.75 5.5
923 9.25 4.5
924 5.5 4.0
925 9.75 3.75
926 5.75 5.0
927 6.5 0.5
928 7.75 5.25
929 9.5 1.75
930 2.75 2.25
931 6.5 1.25
932 4.75 0.75
933 7.75 4.5
934 3.25 1.5
935 7.5 3.75
936 0.0 2.75
937 9.25 5.25
938 0.75 8.25
939 5.75 5.75
940 9.5 1.0
941 4.0 8.5
942 10.0 9.0
943 3.75 2.5
944 2.75 2.75
945 2.25 1.0
946 8.0 9.75
947 8.75 8.25
948 6.75 0.0
949 7.75 4.25
950 9.75 3.25
951 5.75 6.0
952 9.25 5.5
953 5.5 3.5
954 8.0 8.75
955 4.25 2.0
956 5.0 8.25
957 2.75 3.0
958 3.25 1.75
959 5.5 3.25
960 9.25 6.0
961 5.75 5.5
962 9.75 3.5
963 7.75 4.75
964 4.5 0.5
965 5.75 5.25
966 9.25 5.75
967 0.0 3.0
968 7.5 4.0
969 7.75 5.0
970 10.0 10.0
971 4.5 1.25
972 3.75 2.25
973 9.0 9.25
974 6.75 0.75
975 0.5 10.0
976 1.25 2.0
977 3.75 5.75
978 9.5 0.0
979 2.75 4.5
980 4.75 1.5
981 9.25 2.25
982 6.0 9.75
983 0.0 4.25
984 5.5 8.0
985 9.75 7.5
986 5.75 2.5
987 7.5 9.5
988 7.5 6.25
989 7.0 9.0
990 9.75 7.25
991 0.0 4.5
992 5.5 7.75
993 7.5 6.5
994 6.75 1.0
995 7.75 2.75
996 3.75 6.0
997 0.25 8.25
998 2.75 4.25
999 2.25 0.0
1000 7.75 3.0
1001 7.5 7.0
1002 6.5 9.25
1003 9.5 0.75
1004 0.0 5.0
1005 5.5 7.25
1006 9.75 7.75
1007 7.0 10.0
1008 3.0 2.0
1009 2.75 4.75
1010 4.75 1.75
1011 3.75 5.5
1012 2.75 5.0
1013 3.75 5.25
1014 0.5 9.0
1015 7.5 6.75
1016 4.0 0.25
1017 5.75 2.25
1018 9.75 8.0
1019 0.0 4.75
1020 2.25 0.75
1021 5.5 7.5
1022 9.25 2.5
1023 6.0 8.75
1024 3.75 4.5
1025 6.75 1.5
1026 1.75 2.0
1027 0.75 10.0
1028 2.75 5.75
1029 9.75 6.75
1030 0.0 6.0
1031 5.5 6.25
1032 4.0 9.75
1033 7.5 8.0
1034 5.5 9.5
1035 7.75 2.5
1036 0.0 5.75
1037 5.5 6.5
1038 9.25 3.0
1039 4.75 1.0
1040 5.75 2.75
1041 9.75 7.0
1042 5.0 9.0
1043 7.5 7.75
1044 8.0 8.5
1045 8.75 10.0
1046 3.75 4.25
1047 3.25 0.0
1048 2.75 6.0
1049 4.5 9.25
1050 8.75 9.0
1051 7.5 7.25
1052 2.0 2.0
1053 9.0 1.25
1054 5.0 10.0
1055 9.75 6.5
1056 5.75 3.0
1057 9.25 2.75
1058 0.0 5.25
1059 5.5 7.0
1060 6.75 1.75
1061 2.75 5.5
1062 9.0 0.5
1063 3.75 4.75
1064 2.75 5.25
1065 0.75 9.0
1066 3.75 5.0
1067 7.75 2.25
1068 8.5 2.0
1069 10.0 8.25
1070 3.25 0.75
1071 7.5 7.5
1072 9.75 9.5
1073 4.0 8.75
1074 0.0 5.5
1075 5.5 6.75
1076 6.0 0.25
1077 9.75 6.25
1078 2.75 8.0
1079 6.25 8.5
1080 3.0 9.75
1081 3.75 9.5
1082 3.75 6.25
1083 1.0 10.0
1084 7.5 5.75
1085 0.0 7.75
1086 5.5 4.5
1087 9.25 4.0
1088 5.75 3.75
1089 9.75 5.0
1090 1.25 8.75
1091 7.5 6.0
1092 7.75 3.5
1093 9.75 4.75
1094 1.75 0.25
1095 9.0 1.5
1096 4.5 0.0
1097 0.0 8.0
1098 5.5 4.25
1099 3.5 9.0
1100 2.75 7.75
1101 3.75 6.5
1102 0.0 7.5
1103 5.5 4.75
1104 9.75 4.25
1105 7.75 3.25
1106 7.5 5.5
1107 1.25 9.75
1108 8.5 0.25
1109 3.75 7.0
1110 2.75 7.25
1111 3.25 9.25
1112 6.0 2.0
1113 3.5 10.0
1114 7.25 8.25
1115 3.75 6.75
1116 2.0 0.25
1117 6.75 1.25
1118 3.0 8.75
1119 4.5 0.75
1120 2.75 7.5
1121 9.75 4.5
1122 5.75 4.0
1123 9.25 3.75
1124 0.0 7.25
1125 5.5 5.0
1126 6.75 0.5
1127 7.5 5.25
1128 9.0 1.75
1129 1.0 9.0
1130 9.0 1.0
1131 2.75 6.25
1132 4.25 8.5
1133 3.75 8.0
1134 2.0 9.75
1135 2.75 9.5
1136 7.5 4.5
1137 7.75 3.75
1138 1.5 10.0
1139 9.75 5.25
1140 0.0 6.5
1141 5.5 5.75
1142 0.0 9.5
1143 1.25 0.25
1144 6.5 0.0
1145 7.5 4.25
1146 9.25 3.25
1147 1.75 8.75
1148 0.0 6.25
1149 5.5 6.0
1150 9.75 5.5
1151 5.75 3.5
1152 2.75 6.5
1153 2.5 9.0
1154 8.5 9.75
1155 3.75 7.75
1156 8.25 8.25
1157 5.75 3.25
1158 9.75 6.0
1159 0.0 6.75
1160 5.5 5.5
1161 9.25 3.5
1162 1.75 9.75
1163 7.5 4.75
1164 3.75 7.25
1165 2.25 9.25
1166 8.5 8.75
1167 2.5 10.0
1168 4.0 2.0
1169 5.25 8.25
1170 2.75 7.0
1171 4.75 1.25
1172 9.5 9.25
1173 2.0 8.75
1174 3.75 7.5
1175 6.5 0.75
1176 2.75 6.75
1177 3.0 0.25
1178 0.0 7.0
1179 4.75 0.5
1180 5.5 5.25
1181 9.75 5.75
1182 1.5 9.0
1183 7.75 4.0
1184 7.5 5.0
1185 3.5 3.5
1186 0.75 2.25
1187 1.25 1.25
1188 10.0 4.5
1189 8.25 7.25
1190 7.75 9.0
1191 0.25 5.5
1192 1.25 0.5
1193 5.25 7.75
1194 7.25 6.5
1195 1.5 4.0
1196 6.0 1.0
1197 7.0 2.75
1198 3.25 8.5
1199 0.25 5.25
1200 5.25 8.0
1201 6.75 9.75
1202 8.75 2.25
1203 7.25 9.5
1204 1.0 3.25
1205 5.0 2.5
1206 8.25 7.5
1207 7.25 6.25
1208 10.0 4.25
1209 8.0 0.0
1210 4.0 1.5
1211 2.5 3.75
1212 0.5 3.0
1213 7.25 6.75
1214 4.75 0.25
1215 8.25 8.0
1216 3.0 1.25
1217 1.0 3.5
1218 5.0 2.25
1219 6.75 8.75
1220 8.75 2.5
1221 0.25 5.75
1222 5.25 7.5
1223 2.5 4.0
1224 0.5 2.75
1225 10.0 4.75
1226 3.0 0.5
1227 10.0 5.0
1228 4.0 1.75
1229 3.5 3.25
1230 0.75 2.5
1231 1.5 3.75
1232 7.0 3.0
1233 7.25 7.0
1234 0.25 6.0
1235 5.25 7.25
1236 8.0 0.75
1237 6.25 9.25
1238 7.75 10.0
1239 3.75 8.25
1240 8.25 7.75
1241 10.0 5.75
1242 2.5 3.5
1243 0.5 2.25
1244 1.75 1.25
1245 8.75 3.0
1246 0.25 4.75
1247 5.25 6.5
1248 8.25 7.0
1249 4.0 1.0
1250 1.0 4.0
1251 5.0 2.75
1252 5.75 9.0
1253 9.25 10.0
1254 9.5 8.5
1255 1.75 0.5
1256 7.25 7.75
1257 8.25 6.75
1258 0.25 5.0
1259 5.25 6.25
1260 2.25 8.5
1261 7.25 8.0
1262 4.75 9.75
1263 1.5 3.25
1264 7.0 2.5
1265 5.25 9.5
1266 3.5 3.75
1267 0.75 3.0
1268 6.0 1.5
1269 10.0 6.0
1270 1.5 3.5
1271 2.0 1.25
1272 7.0 2.25
1273 9.0 2.0
1274 4.75 8.75
1275 8.25 9.5
1276 7.25 7.5
1277 0.25 4.5
1278 5.25 6.75
1279 8.25 6.25
1280 6.75 0.25
1281 10.0 5.5
1282 2.0 0.5
1283 0.0 8.25
1284 3.5 4.0
1285 0.75 2.75
1286 2.5 3.25
1287 0.5 2.5
1288 6.0 1.75
1289 10.0 5.25
1290 8.5 0.5
1291 7.25 7.25
1292 9.25 9.0
1293 4.25 9.25
1294 5.75 10.0
1295 8.5 1.25
1296 2.75 8.25
1297 1.0 3.75
1298 5.0 3.0
1299 8.25 6.5
1300 0.25 4.25
1301 5.25 7.0
1302 8.75 2.75
1303 10.0 8.0
1304 3.5 2.75
1305 3.0 1.0
1306 0.75 4.0
1307 7.25 6.0
1308 1.5 2.25
1309 7.0 3.5
1310 8.5 1.5
1311 8.25 4.75
1312 4.25 0.0
1313 0.25 7.0
1314 5.25 4.25
1315 7.25 5.75
1316 8.75 4.0
1317 0.25 6.75
1318 5.25 4.5
1319 8.25 5.0
1320 1.0 3.0
1321 2.0 1.5
1322 5.0 3.75
1323 10.0 7.75
1324 6.5 8.5
1325 2.5 2.5
1326 0.5 3.25
1327 1.75 1.75
1328 1.0 2.75
1329 1.25 1.0
1330 5.0 4.0
1331 8.25 4.5
1332 0.25 6.25
1333 5.25 5.0
1334 8.75 3.75
1335 6.0 0.5
1336 7.25 5.25
1337 0.25 9.5
1338 8.5 1.75
1339 2.5 2.25
1340 0.5 3.5
1341 6.0 1.25
1342 10.0 7.25
1343 4.25 0.75
1344 9.0 0.25
1345 3.5 3.0
1346 0.75 3.75
1347 1.75 1.5
1348 10.0 7.5
1349 7.5 8.25
1350 6.75 2.0
1351 0.25 6.5
1352 5.25 4.75
1353 8.25 4.25
1354 1.5 2.5
1355 2.0 1.75
1356 7.0 3.25
1357 7.25 5.5
1358 10.0 6.25
1359 2.5 2.75
1360 0.5 4.0
1361 2.0 1.0
1362 10.0 9.5
1363 9.75 8.25
1364 9.0 9.75
1365 6.25 0.0
1366 7.25 4.25
1367 0.25 7.25
1368 5.25 6.0
1369 8.75 3.25
1370 1.0 2.25
1371 5.0 3.5
1372 8.25 5.5
1373 7.25 4.5
1374 3.0 1.5
1375 1.5 3.0
1376 7.0 3.75
1377 8.25 5.25
1378 0.25 7.5
1379 5.25 5.75
1380 8.5 1.0
1381 10.0 6.5
1382 4.5 8.5
1383 3.5 2.5
1384 0.75 3.25
1385 1.25 1.75
1386 4.0 0.5
1387 0.25 8.0
1388 5.25 5.25
1389 8.25 5.75
1390 1.5 2.75
1391 1.75 1.0
1392 7.0 4.0
1393 7.25 5.0
1394 4.0 1.25
1395 3.5 2.25
1396 0.75 3.5
1397 6.25 0.75
1398 8.0 9.25
1399 10.0 7.0
1400 9.0 8.75
1401 5.5 8.25
1402 4.75 2.0
1403 2.5 3.0
1404 0.5 3.75
1405 1.25 1.5
1406 10.0 6.75
1407 8.25 6.0
1408 3.0 1.75
1409 1.0 2.5
1410 5.0 3.25
1411 8.75 3.5
1412 0.25 7.75
1413 5.25 5.5
1414 7.25 4.75
1415 8.75 7.25
1416 7.5 9.0
1417 0.25 3.25
1418 1.0 5.25
1419 5.0 7.75
1420 1.5 5.0
1421 7.0 6.5
1422 6.25 1.0
1423 7.25 2.75
1424 3.5 6.0
1425 0.75 7.5
1426 1.75 0.75
1427 10.0 3.75
1428 2.5 4.25
1429 0.5 6.75
1430 2.0 0.0
1431 3.5 5.75
1432 0.75 7.25
1433 2.5 4.5
1434 0.5 7.0
1435 8.5 0.0
1436 4.25 1.5
1437 1.0 5.5
1438 5.0 8.0
1439 8.25 2.25
1440 6.5 9.75
1441 5.25 2.5
1442 7.0 9.5
1443 8.75 7.5
1444 1.5 4.75
1445 7.0 6.25
1446 2.5 5.0
1447 0.5 6.5
1448 3.5 5.25
1449 0.75 7.75
1450 1.5 4.25
1451 1.75 0.0
1452 7.0 6.75
1453 4.5 0.25
1454 8.75 8.0
1455 5.25 2.25
1456 8.25 2.5
1457 6.5 8.75
1458 1.0 6.0
1459 2.0 0.75
1460 5.0 7.5
1461 7.25 3.0
1462 1.5 4.5
1463 7.0 7.0
1464 1.0 5.75
1465 5.0 7.25
1466 8.5 0.75
1467 6.0 9.25
1468 7.5 10.0
1469 3.25 2.0
1470 0.25 3.5
1471 8.75 7.75
1472 2.5 4.75
1473 0.5 6.25
1474 10.0 4.0
1475 4.25 1.75
1476 0.5 9.5
1477 3.5 5.5
1478 0.75 8.0
1479 8.25 3.0
1480 1.0 5.0
1481 5.0 6.5
1482 8.75 7.0
1483 4.25 1.0
1484 5.25 2.75
1485 5.5 9.0
1486 9.75 10.0
1487 1.5 5.25
1488 7.0 7.75
1489 9.0 8.5
1490 3.5 4.25
1491 3.0 0.0
1492 0.75 6.75
1493 2.5 6.0
1494 0.5 7.5
1495 1.25 0.75
1496 3.5 4.5
1497 0.75 7.0
1498 6.25 1.5
1499 10.0 3.5
1500 2.5 5.75
1501 0.5 7.25
1502 0.25 4.0
1503 8.75 6.75
1504 1.0 4.75
1505 5.0 6.25
1506 1.5 5.5
1507 7.0 8.0
1508 4.5 9.75
1509 5.0 9.5
1510 7.25 2.5
1511 2.5 5.25
1512 0.5 7.75
1513 10.0 3.25
1514 3.5 5.0
1515 0.75 6.5
1516 9.5 2.0
1517 7.25 2.25
1518 4.5 8.75
1519 8.75 9.5
1520 3.0 0.75
1521 1.5 6.0
1522 7.0 7.5
1523 1.0 4.25
1524 1.25 0.0
1525 5.0 6.75
1526 8.75 6.25
1527 6.5 0.25
1528 0.25 3.75
1529 1.5 5.75
1530 7.0 7.25
1531 9.75 9.0
1532 4.0 9.25
1533 2.25 2.0
1534 8.0 1.25
1535 5.5 10.0
1536 5.25 3.0
1537 8.75 6.5
1538 1.0 4.5
1539 5.0 7.0
1540 8.25 2.75
1541 0.75 9.5
1542 6.25 1.75
1543 2.5 5.5
1544 0.5 8.0
1545 8.0 0.5
1546 3.5 4.75
1547 0.75 6.25
1548 1.5 7.5
1549 7.0 6.0
1550 7.25 3.5
1551 0.25 3.0
1552 8.0 1.5
1553 8.75 4.75
1554 4.0 0.0
1555 1.0 6.75
1556 5.0 4.25
1557 10.0 2.5
1558 3.75 9.0
1559 2.5 7.75
1560 0.5 5.25
1561 3.5 6.5
1562 0.75 5.0
1563 3.25 9.75
1564 2.5 8.0
1565 0.5 5.5
1566 6.75 8.5
1567 3.5 9.5
1568 3.5 6.25
1569 0.75 4.75
1570 1.25 9.25
1571 1.5 7.25
1572 7.0 5.75
1573 8.25 4.0
1574 1.0 7.0
1575 5.0 4.5
1576 8.75 5.0
1577 5.25 3.75
1578 3.5 6.75
1579 0.75 4.25
1580 2.25 0.25
1581 6.25 1.25
1582 4.0 0.75
1583 2.5 7.5
1584 0.5 6.0
1585 3.25 8.75
1586 5.25 4.0
1587 8.75 4.5
1588 1.0 6.5
1589 5.0 5.0
1590 8.25 3.75
1591 1.5 7.75
1592 6.25 0.5
1593 7.0 5.25
1594 8.0 1.75
1595 1.0 6.25
1596 5.0 4.75
1597 8.75 4.25
1598 0.25 2.75
1599 1.0 9.5
1600 7.25 3.25
1601 1.5 8.0
1602 7.0 5.5
1603 9.5 0.25
1604 3.5 7.0
1605 0.75 4.5
1606 3.0 9.25
1607 2.5 7.25
1608 0.5 5.75
1609 7.75 8.25
1610 10.0 2.25
1611 6.5 2.0
1612 3.75 10.0
1613 1.5 6.75
1614 6.0 0.0
1615 7.0 4.25
1616 1.0 7.5
1617 5.0 6.0
1618 8.25 3.25
1619 5.25 3.5
1620 8.75 5.5
1621 2.5 6.5
1622 0.5 5.0
1623 2.75 9.0
1624 9.25 8.25
1625 3.5 7.75
1626 0.75 5.25
1627 9.5 9.75
1628 10.0 2.75
1629 8.0 1.0
1630 2.5 6.25
1631 0.5 4.75
1632 2.25 9.75
1633 3.5 8.0
1634 0.75 5.5
1635 4.75 8.5
1636 2.5 9.5
1637 1.5 7.0
1638 7.0 4.5
1639 0.0 9.0
1640 7.25 3.75
1641 8.75 5.25
1642 0.25 2.25
1643 1.75 9.25
1644 1.0 7.25
1645 5.0 5.75
1646 4.25 1.25
1647 3.5 7.5
1648 0.75 6.0
1649 6.0 0.75
1650 2.25 8.75
1651 8.5 9.25
1652 2.5 6.75
1653 0.5 4.25
1654 10.0 3.0
1655 3.25 0.25
1656 4.25 0.5
1657 1.0 7.75
1658 5.0 5.25
1659 0.25 2.5
1660 8.75 5.75
1661 0.0 10.0
1662 7.25 4.0
1663 1.5 6.5
1664 7.0 5.0
1665 8.75 6.0
1666 5.25 3.25
1667 1.5 9.5
1668 8.25 3.5
1669 1.0 8.0
1670 5.0 5.5
1671 1.5 6.25
1672 7.0 4.75
1673 9.5 8.75
1674 2.0 9.25
1675 3.5 7.25
1676 0.75 5.75
1677 5.75 8.25
1678 2.75 10.0
1679 4.5 2.0
1680 2.5 7.0
1681 0.5 4.5
*Edges
1120 1100 1.0
1301 1235 1.0
982 175 1.0
364 1371 1.0
274 1107 1.0
1589 1658 1.0
1333 1125 1.0
858 601 1.0
910 1214 1.0
1553 1576 1.0
501 123 1.0
1316 1597 1.0
467 849 1.0
448 390 1.0
377 411 1.0
220 1123 1.0
399 1187 1.0
1451 1094 1.0
830 841 1.0
114 99 1.0
1072 634 1.0
1517 1510 1.0
731 375 1.0
1377 1372 1.0
1422 1581 1.0
1287 1230 1.0
414 325 1.0
134 3 1.0
1246 1631 1.0
169 1615 1.0
899 937 1.0
680 469 1.0
587 578 1.0
1350 277 1.0
371 1072 1.0
1279 781 1.0
526 332 1.0
745 466 1.0
1566 1219 1.0
395 789 1.0
1549 1445 1.0
1307 1091 1.0
1045 528 1.0
379 449 1.0
254 1400 1.0
1116 1282 1.0
1130 226 1.0
280 1079 1.0
388 324 1.0
391 406 1.0
644 442 1.0
390 412 1.0
757 142 1.0
788 771 1.0
60 242 1.0
1047 663 1.0
1658 1388 1.0
401 381 1.0
976 554 1.0
1464 1458 1.0
624 673 1.0
1458 1595 1.0
1019 1004 1.0
163 1305 1.0
2 899 1.0
1095 188 1.0
567 380 1.0
1150 1181 1.0
447 540 1.0
1081 729 1.0
1062 831 1.0
667 671 1.0
269 1493 1.0
412 566 1.0
41 110 1.0
1148 1140 1.0
1148 1332 1.0
130 941 1.0
1473 1547 1.0
1650 784 1.0
1651 785 1.0
1446 1511 1.0
1673 791 1.0
1674 792 1.0
1077 1055 1.0
1442 1203 1.0
1066 690 1.0
532 1245 1.0
1495 604 1.0
947 144 1.0
266 1490 1.0
276 326 1.0
838 378 1.0
422 401 1.0
477 718 1.0
846 862 1.0
419 383 1.0
645 1509 1.0
190 112 1.0
291 341 1.0
1479 1618 1.0
1190 159 1.0
271 623 1.0
872 350 1.0
345 169 1.0
161 240 1.0
67 952 1.0
1439 1456 1.0
157 132 1.0
1231 391 1.0
1037 1075 1.0
649 55 1.0
376 193 1.0
441 874 1.0
569 1310 1.0
37 1 1.0
1534 1552 1.0
953 1151 1.0
1608 1676 1.0
1355 919 1.0
1471 1454 1.0
514 493 1.0
629 423 1.0
239 56 1.0
156 297 1.0
161 352 1.0
313 458 1.0
298 1006 1.0
1061 1028 1.0
503 553 1.0
292 127 1.0
1588 1555 1.0
1369 1411 1.0
1145 1136 1.0
925 1427 1.0
138 1672 1.0
1132 886 1.0
1332 1351 1.0
535 1112 1.0
1442 204 1.0
883 709 1.0
241 1045 1.0
328 338 1.0
1028 609 1.0
1291 1276 1.0
311 307 1.0
1572 1315 1.0
604 523 1.0
931 855 1.0
1202 278 1.0
1609 243 1.0
1508 642 1.0
574 1451 1.0
636 430 1.0
861 878 1.0
847 1470 1.0
905 935 1.0
738 514 1.0
1447 1515 1.0
1473 1447 1.0
782 795 1.0
648 793 1.0
365 1182 1.0
971 1171 1.0
688 1073 1.0
1399 1342 1.0
1343 1483 1.0
1195 406 1.0
851 499 1.0
938 134 1.0
338 1041 1.0
56 86 1.0
904 811 1.0
1561 1578 1.0
100 125 1.0
883 166 1.0
959 1157 1.0
384 630 1.0
64 1525 1.0
1595 700 1.0
1415 1443 1.0
282 288 1.0
1065 1129 1.0
892 477 1.0
1017 986 1.0
365 1147 1.0
980 1010 1.0
1116 1580 1.0
1507 915 1.0
1018 1363 1.0
262 86 1.0
465 407 1.0
1544 1478 1.0
208 213 1.0
1673 676 1.0
1236 515 1.0
210 1467 1.0
170 1209 1.0
1540 563 1.0
1115 1109 1.0
935 968 1.0
1636 354 1.0
403 209 1.0
960 890 1.0
332 41 1.0
462 457 1.0
1198 25 1.0
525 757 1.0
687 1415 1.0
936 1598 1.0
545 538 1.0
1546 1063 1.0
673 608 1.0
112 921 1.0
1204 413 1.0
1670 1645 1.0
664 669 1.0
22 1442 1.0
881 426 1.0
660 459 1.0
663 337 1.0
470 1294 1.0
536 1257 1.0
1460 1419 1.0
202 258 1.0
331 1647 1.0
1204 1217 1.0
751 1482 1.0
1066 1013 1.0
71 1262 1.0
521 686 1.0
876 908 1.0
903 838 1.0
793 1295 1.0
19 721 1.0
646 587 1.0
758 801 1.0
776 171 1.0
709 1439 1.0
1258 1199 1.0
1339 1325 1.0
816 552 1.0
606 219 1.0
52 162 1.0
1581 931 1.0
492 1435 1.0
76 68 1.0
684 221 1.0
587 396 1.0
191 12 1.0
1224 1212 1.0
1034 853 1.0
1655 845 1.0
630 238 1.0
66 1226 1.0
601 576 1.0
1322 1330 1.0
50 853 1.0
1245 1369 1.0
1643 761 1.0
1352 1103 1.0
289 107 1.0
511 737 1.0
1289 1281 1.0
1586 1314 1.0
222 1339 1.0
524 557 1.0
1223 844 1.0
580 1521 1.0
1542 914 1.0
1311 1319 1.0
1601 856 1.0
1210 1228 1.0
321 364 1.0
1215 1156 1.0
1432 1425 1.0
803 515 1.0
1666 959 1.0
315 1559 1.0
1416 1190 1.0
1519 168 1.0
644 632 1.0
1634 1676 1.0
1308 504 1.0
634 1486 1.0
857 398 1.0
1658 1670 1.0
37 925 1.0
1414 1163 1.0
1146 1161 1.0
958 541 1.0
1341 1268 1.0
560 357 1.0
1622 1562 1.0
451 487 1.0
440 1054 1.0
308 355 1.0
1308 1354 1.0
750 339 1.0
32 918 1.0
1131 733 1.0
1425 1449 1.0
1288 1542 1.0
1229 1185 1.0
1614 1365 1.0
146 1395 1.0
310 126 1.0
844 998 1.0
389 442 1.0
1080 279 1.0
1346 1306 1.0
48 441 1.0
488 1324 1.0
1006 1018 1.0
544 163 1.0
1197 1232 1.0
990 1342 1.0
1213 1015 1.0
985 1006 1.0
840 314 1.0
41 212 1.0
185 535 1.0
407 598 1.0
1171 530 1.0
1259 1031 1.0
139 135 1.0
1209 912 1.0
623 156 1.0
1010 388 1.0
1145 949 1.0
1194 1213 1.0
1512 1544 1.0
1193 1200 1.0
215 929 1.0
383 606 1.0
771 751 1.0
43 365 1.0
1642 1243 1.0
376 403 1.0
1001 1051 1.0
1306 1579 1.0
1160 961 1.0
466 1673 1.0
1178 1124 1.0
878 959 1.0
411 615 1.0
1064 1061 1.0
1237 410 1.0
943 411 1.0
1383 1304 1.0
1017 428 1.0
148 859 1.0
514 307 1.0
1639 921 1.0
1459 1361 1.0
1037 858 1.0
888 847 1.0
162 19 1.0
423 1023 1.0
344 141 1.0
24 835 1.0
316 348 1.0
233 237 1.0
169 153 1.0
663 265 1.0
1411 251 1.0
882 852 1.0
311 127 1.0
1185 1266 1.0
1421 1194 1.0
1611 60 1.0
1572 1549 1.0
201 181 1.0
790 747 1.0
377 581 1.0
1632 766 1.0
317 725 1.0
401 1331 1.0
930 529 1.0
447 649 1.0
847 817 1.0
105 295 1.0
1049 871 1.0
54 11 1.0
9 585 1.0
1255 1426 1.0
263 1072 1.0
1009 654 1.0
1050 662 1.0
634 167 1.0
505 714 1.0
956 1169 1.0
556 150 1.0
1242 1211 1.0
1071 1043 1.0
1456 1540 1.0
1601 701 1.0
1610 1557 1.0
230 235 1.0
330 742 1.0
512 495 1.0
1025 472 1.0
1315 1084 1.0
978 271 1.0
1412 1387 1.0
934 958 1.0
149 108 1.0
1291 1051 1.0
423 1252 1.0
1004 1258 1.0
922 434 1.0
208 28 1.0
262 257 1.0
1651 662 1.0
391 419 1.0
957 867 1.0
1187 451 1.0
124 1304 1.0
1290 561 1.0
1574 1644 1.0
7 100 1.0
108 94 1.0
759 1601 1.0
534 765 1.0
210 39 1.0
1022 121 1.0
837 1453 1.0
932 1039 1.0
773 550 1.0
1597 32 1.0
1431 977 1.0
1147 340 1.0
1537 157 1.0
1418 596 1.0
573 140 1.0
31 5 1.0
874 1296 1.0
1337 103 1.0
1575 1596 1.0
1562 1626 1.0
1382 1635 1.0
1667 320 1.0
369 1273 1.0
712 685 1.0
269 347 1.0
300 518 1.0
660 680 1.0
226 940 1.0
622 601 1.0
551 362 1.0
992 820 1.0
1667 761 1.0
1100 782 1.0
415 688 1.0
825 540 1.0
965 695 1.0
1004 1058 1.0
1073 264 1.0
495 222 1.0
1088 1122 1.0
737 113 1.0
877 846 1.0
1352 1333 1.0
1184 969 1.0
1174 578 1.0
1053 353 1.0
981 91 1.0
540 552 1.0
635 678 1.0
969 928 1.0
1273 548 1.0
1410 1666 1.0
1008 1469 1.0
1300 1653 1.0
1168 955 1.0
408 599 1.0
1605 1569 1.0
476 291 1.0
80 962 1.0
1570 800 1.0
320 1138 1.0
1461 827 1.0
290 246 1.0
1384 1204 1.0
560 555 1.0
278 316 1.0
1649 1196 1.0
394 1198 1.0
1189 687 1.0
1543 1061 1.0
1389 667 1.0
94 808 1.0
1646 1436 1.0
27 803 1.0
603 214 1.0
548 981 1.0
654 627 1.0
1044 333 1.0
697 207 1.0
826 1090 1.0
334 1341 1.0
1392 1662 1.0
1060 1350 1.0
38 1419 1.0
718 738 1.0
1320 513 1.0
232 1594 1.0
717 622 1.0
807 1677 1.0
1262 256 1.0
1151 1088 1.0
819 287 1.0
1166 254 1.0
1444 1420 1.0
59 1216 1.0
1363 1069 1.0
995 1000 1.0
1228 1168 1.0
598 40 1.0
62 947 1.0
1213 1233 1.0
1141 1149 1.0
1195 1450 1.0
679 651 1.0
1118 1585 1.0
1041 990 1.0
1327 1026 1.0
517 545 1.0
1227 1289 1.0
1582 1343 1.0
967 888 1.0
1180 965 1.0
623 89 1.0
764 756 1.0
939 736 1.0
1305 903 1.0
1001 828 1.0
1569 1562 1.0
431 245 1.0
1592 1397 1.0
802 1571 1.0
1639 343 1.0
720 509 1.0
487 1347 1.0
282 1607 1.0
113 306 1.0
596 619 1.0
408 485 1.0
509 12 1.0
1655 337 1.0
918 923 1.0
265 1554 1.0
236 1511 1.0
122 106 1.0
307 115 1.0
698 611 1.0
863 443 1.0
1469 146 1.0
1302 1245 1.0
1405 1385 1.0
1526 1537 1.0
1298 1536 1.0
500 563 1.0
287 990 1.0
685 722 1.0
249 269 1.0
257 75 1.0
600 659 1.0
1333 1388 1.0
450 762 1.0
478 1329 1.0
1319 1377 1.0
1523 1538 1.0
914 635 1.0
1194 993 1.0
381 1311 1.0
272 96 1.0
499 243 1.0
1550 905 1.0
581 16 1.0
843 879 1.0
1437 619 1.0
1510 852 1.0
744 1486 1.0
14 1460 1.0
1283 997 1.0
637 646 1.0
853 470 1.0
1551 1212 1.0
1040 407 1.0
1381 1406 1.0
860 971 1.0
1459 1020 1.0
11 1465 1.0
543 322 1.0
806 1198 1.0
1429 1434 1.0
693 58 1.0
1183 590 1.0
781 1526 1.0
1654 1513 1.0
429 1627 1.0
1424 1568 1.0
1082 1101 1.0
815 844 1.0
1633 833 1.0
716 694 1.0
36 923 1.0
1257 1248 1.0
1114 300 1.0
1643 1674 1.0
1314 1318 1.0
749 684 1.0
1344 1062 1.0
302 318 1.0
177 10 1.0
1411 1334 1.0
480 294 1.0
1165 349 1.0
1166 350 1.0
500 1220 1.0
62 865 1.0
1201 393 1.0
754 140 1.0
1133 617 1.0
54 1539 1.0
236 231 1.0
432 1369 1.0
346 1055 1.0
443 224 1.0
1432 1644 1.0
1159 1317 1.0
989 589 1.0
1339 930 1.0
625 651 1.0
607 571 1.0
1137 608 1.0
755 772 1.0
769 326 1.0
1176 683 1.0
82 966 1.0
669 654 1.0
955 1679 1.0
1330 1586 1.0
671 781 1.0
934 556 1.0
730 48 1.0
690 476 1.0
1087 1 1.0
267 221 1.0
584 705 1.0
1568 1561 1.0
545 164 1.0
339 1652 1.0
1171 980 1.0
1470 1528 1.0
1078 1296 1.0
842 39 1.0
763 755 1.0
613 201 1.0
1514 1066 1.0
296 1567 1.0
783 58 1.0
1437 1464 1.0
98 111 1.0
772 798 1.0
622 417 1.0
1427 1474 1.0
1368 1259 1.0
841 820 1.0
216 270 1.0
784 1165 1.0
1612 223 1.0
911 773 1.0
1336 1357 1.0
653 46 1.0
518 577 1.0
242 1272 1.0
48 850 1.0
1229 825 1.0
1080 1563 1.0
1011 758 1.0
1014 610 1.0
1584 1648 1.0
350 1651 1.0
1172 371 1.0
29 856 1.0
1173 372 1.0
38 26 1.0
602 1338 1.0
442 424 1.0
410 203 1.0
1485 224 1.0
1157 497 1.0
1280 244 1.0
182 473 1.0
1162 1134 1.0
1000 1105 1.0
647 675 1.0
933 963 1.0
1463 1233 1.0
318 1561 1.0
780 750 1.0
10 809 1.0
66 194 1.0
1216 1374 1.0
501 378 1.0
340 372 1.0
805 1610 1.0
29 826 1.0
1126 974 1.0
137 586 1.0
265 748 1.0
682 66 1.0
590 422 1.0
449 1231 1.0
74 330 1.0
1476 183 1.0
298 314 1.0
668 77 1.0
1402 196 1.0
329 1680 1.0
352 57 1.0
600 570 1.0
652 626 1.0
1611 1350 1.0
718 508 1.0
349 1632 1.0
1050 564 1.0
1332 1473 1.0
1267 1384 1.0
1477 1431 1.0
863 1485 1.0
76 1266 1.0
1 200 1.0
565 160 1.0
608 590 1.0
824 1679 1.0
1309 1550 1.0
1567 301 1.0
659 625 1.0
63 696 1.0
53 182 1.0
239 262 1.0
1056 392 1.0
1141 939 1.0
900 1023 1.0
168 1364 1.0
557 464 1.0
57 863 1.0
1391 1244 1.0
1180 1160 1.0
293 1182 1.0
315 299 1.0
11 14 1.0
1532 677 1.0
489 1067 1.0
764 543 1.0
926 756 1.0
804 1440 1.0
1158 1077 1.0
1513 1499 1.0
822 994 1.0
1465 1235 1.0
1186 1230 1.0
238 1582 1.0
81 30 1.0
312 128 1.0
1439 490 1.0
972 943 1.0
18 2 1.0
293 1570 1.0
740 331 1.0
67 82 1.0
961 702 1.0
31 199 1.0
994 1117 1.0
1550 1640 1.0
765 1635 1.0
1261 1114 1.0
976 250 1.0
1512 1449 1.0
452 81 1.0
1172 263 1.0
1483 860 1.0
1480 1418 1.0
811 821 1.0
668 653 1.0
848 622 1.0
1077 1358 1.0
1652 1680 1.0
713 1443 1.0
755 780 1.0
1214 1179 1.0
731 1044 1.0
272 291 1.0
359 1186 1.0
481 696 1.0
856 43 1.0
957 486 1.0
1371 1322 1.0
1007 835 1.0
366 252 1.0
753 759 1.0
648 1380 1.0
637 431 1.0
1345 913 1.0
1218 1205 1.0
964 1119 1.0
256 1054 1.0
331 370 1.0
662 1519 1.0
238 123 1.0
160 124 1.0
986 465 1.0
609 603 1.0
1161 1123 1.0
786 463 1.0
974 994 1.0
865 144 1.0
7 174 1.0
369 1202 1.0
323 766 1.0
856 79 1.0
1344 418 1.0
1632 354 1.0
832 298 1.0
317 1606 1.0
142 361 1.0
148 65 1.0
1557 1628 1.0
896 1474 1.0
322 138 1.0
1640 935 1.0
1571 735 1.0
124 90 1.0
946 145 1.0
1623 327 1.0
1434 1501 1.0
409 374 1.0
78 165 1.0
574 313 1.0
1634 1437 1.0
549 946 1.0
463 304 1.0
787 347 1.0
128 373 1.0
845 384 1.0
1129 734 1.0
1490 1496 1.0
1096 910 1.0
1659 1598 1.0
1587 36 1.0
1428 998 1.0
689 110 1.0
187 236 1.0
413 1263 1.0
1670 1413 1.0
705 100 1.0
1169 352 1.0
977 996 1.0
579 544 1.0
133 45 1.0
1413 1379 1.0
1149 1031 1.0
1676 1464 1.0
828 533 1.0
152 267 1.0
1448 1013 1.0
415 941 1.0
1111 296 1.0
18 907 1.0
572 593 1.0
1599 274 1.0
1262 440 1.0
1005 830 1.0
397 177 1.0
1496 1024 1.0
1586 924 1.0
541 137 1.0
601 409 1.0
362 636 1.0
1129 293 1.0
183 229 1.0
245 64 1.0
1484 861 1.0
172 1617 1.0
335 1045 1.0
389 173 1.0
927 1126 1.0
832 840 1.0
504 484 1.0
254 1050 1.0
1206 1240 1.0
604 1426 1.0
297 52 1.0
27 1108 1.0
594 5 1.0
277 1272 1.0
789 640 1.0
301 1113 1.0
1099 711 1.0
1221 1608 1.0
882 1067 1.0
593 184 1.0
932 686 1.0
218 1491 1.0
26 1438 1.0
1321 897 1.0
1147 1173 1.0
733 726 1.0
1467 1237 1.0
1336 1127 1.0
1261 1033 1.0
439 653 1.0
246 1552 1.0
1124 1367 1.0
767 839 1.0
383 20 1.0
1542 868 1.0
1128 215 1.0
1398 549 1.0
442 225 1.0
398 471 1.0
206 26 1.0
616 410 1.0
1393 1336 1.0
969 386 1.0
230 1139 1.0
1463 1530 1.0
1233 1001 1.0
5 767 1.0
40 211 1.0
589 1442 1.0
1621 1152 1.0
426 59 1.0
1435 1108 1.0
1125 926 1.0
505 558 1.0
673 1668 1.0
563 1302 1.0
361 356 1.0
750 770 1.0
1259 1247 1.0
1030 1148 1.0
985 1348 1.0
453 1389 1.0
580 700 1.0
189 1448 1.0
735 716 1.0
1577 1586 1.0
1254 1673 1.0
250 1308 1.0
739 1637 1.0
1315 1307 1.0
73 681 1.0
869 156 1.0
790 1540 1.0
1647 1625 1.0
1493 1630 1.0
941 1132 1.0
1474 1208 1.0
822 931 1.0
281 298 1.0
1296 8 1.0
719 1613 1.0
379 1270 1.0
1555 1574 1.0
829 589 1.0
82 78 1.0
1666 1619 1.0
413 379 1.0
1233 1291 1.0
578 595 1.0
899 180 1.0
1010 1402 1.0
486 90 1.0
760 776 1.0
244 481 1.0
484 517 1.0
917 1642 1.0
1239 415 1.0
1605 1538 1.0
748 21 1.0
564 1292 1.0
99 641 1.0
871 71 1.0
782 370 1.0
1183 949 1.0
1419 1438 1.0
1391 1361 1.0
411 454 1.0
136 321 1.0
776 737 1.0
838 934 1.0
800 1643 1.0
224 50 1.0
806 1118 1.0
461 1275 1.0
264 88 1.0
1102 1378 1.0
889 1527 1.0
1423 1461 1.0
962 925 1.0
1465 1460 1.0
988 993 1.0
192 13 1.0
44 67 1.0
1090 293 1.0
166 1439 1.0
118 195 1.0
815 471 1.0
1616 1657 1.0
751 687 1.0
504 496 1.0
569 602 1.0
1458 580 1.0
1193 992 1.0
1398 461 1.0
1531 942 1.0
792 1134 1.0
460 1042 1.0
1249 1483 1.0
34 1642 1.0
240 1042 1.0
870 850 1.0
728 296 1.0
387 398 1.0
884 864 1.0
1536 1666 1.0
1043 864 1.0
1342 1348 1.0
1653 1681 1.0
359 198 1.0
1079 1324 1.0
1188 1225 1.0
835 1468 1.0
337 748 1.0
1356 1309 1.0
1222 1021 1.0
904 474 1.0
1449 1657 1.0
730 299 1.0
120 840 1.0
171 364 1.0
775 103 1.0
618 473 1.0
539 319 1.0
1225 1227 1.0
52 789 1.0
1599 704 1.0
1533 222 1.0
1642 1659 1.0
145 866 1.0
583 389 1.0
854 892 1.0
1318 1352 1.0
388 594 1.0
188 215 1.0
1089 1139 1.0
1274 460 1.0
1191 1221 1.0
409 213 1.0
287 281 1.0
1324 1457 1.0
47 122 1.0
558 525 1.0
1545 803 1.0
1680 1170 1.0
610 1476 1.0
1005 1021 1.0
65 80 1.0
1596 1589 1.0
1478 938 1.0
1487 659 1.0
288 315 1.0
885 429 1.0
1417 1470 1.0
944 502 1.0
1471 119 1.0
1016 837 1.0
1155 595 1.0
763 787 1.0
918 200 1.0
1507 1261 1.0
328 1029 1.0
886 1518 1.0
959 953 1.0
1549 1307 1.0
1041 1399 1.0
1575 1318 1.0
381 386 1.0
1413 1160 1.0
1573 1353 1.0
1331 607 1.0
887 880 1.0
964 1179 1.0
459 469 1.0
1351 1447 1.0
1029 1041 1.0
281 985 1.0
783 805 1.0
834 1502 1.0
1598 1224 1.0
588 1529 1.0
1039 456 1.0
147 334 1.0
1392 1615 1.0
1662 968 1.0
801 777 1.0
1032 849 1.0
129 1455 1.0
1326 1340 1.0
1249 1394 1.0
455 1195 1.0
1173 1650 1.0
485 689 1.0
933 401 1.0
727 831 1.0
867 857 1.0
1226 1520 1.0
756 695 1.0
1624 425 1.0
633 1624 1.0
351 1633 1.0
454 447 1.0
65 950 1.0
1408 1008 1.0
237 1514 1.0
1372 1389 1.0
864 519 1.0
1452 1463 1.0
453 474 1.0
74 468 1.0
89 650 1.0
599 41 1.0
562 536 1.0
773 799 1.0
805 843 1.0
1232 1461 1.0
1238 145 1.0
235 1150 1.0
179 1087 1.0
963 969 1.0
1397 1422 1.0
1027 1083 1.0
1232 1356 1.0
759 29 1.0
203 22 1.0
160 1383 1.0
1149 951 1.0
1138 358 1.0
1377 652 1.0
1085 1097 1.0
1270 1231 1.0
1536 878 1.0
420 388 1.0
108 819 1.0
361 169 1.0
102 292 1.0
743 612 1.0
946 61 1.0
1164 587 1.0
1652 1176 1.0
1273 278 1.0
1598 1551 1.0
1402 324 1.0
490 500 1.0
184 1477 1.0
127 115 1.0
571 1553 1.0
1537 1503 1.0
1244 1347 1.0
1092 1137 1.0
865 1166 1.0
1168 377 1.0
1497 1574 1.0
341 139 1.0
1094 1255 1.0
1201 204 1.0
708 489 1.0
1535 1294 1.0
949 933 1.0
853 616 1.0
1150 1281 1.0
418 1603 1.0
1419 1193 1.0
1576 1641 1.0
404 665 1.0
1558 264 1.0
858 887 1.0
609 197 1.0
473 698 1.0
20 219 1.0
1205 1251 1.0
1335 1649 1.0
200 217 1.0
1270 427 1.0
141 104 1.0
738 699 1.0
720 191 1.0
201 1433 1.0
1451 1430 1.0
1026 1052 1.0
577 1416 1.0
192 173 1.0
217 1121 1.0
1349 518 1.0
81 1242 1.0
475 1411 1.0
1314 1098 1.0
137 1228 1.0
1582 1249 1.0
1409 1328 1.0
1517 882 1.0
656 743 1.0
1175 974 1.0
233 1546 1.0
242 255 1.0
667 1660 1.0
1668 1590 1.0
1189 1206 1.0
633 1489 1.0
726 318 1.0
1499 1427 1.0
1637 1571 1.0
28 42 1.0
618 498 1.0
227 54 1.0
72 872 1.0
675 658 1.0
157 877 1.0
468 742 1.0
1043 1033 1.0
384 21 1.0
986 1040 1.0
777 674 1.0
1264 1510 1.0
1022 1057 1.0
171 113 1.0
1345 1229 1.0
402 385 1.0
578 376 1.0
123 17 1.0
1090 365 1.0
1070 903 1.0
1211 815 1.0
766 1167 1.0
1487 1506 1.0
1093 1225 1.0
1359 944 1.0
791 1172 1.0
1107 305 1.0
1409 542 1.0
510 303 1.0
426 512 1.0
1460 1222 1.0
240 57 1.0
40 7 1.0
1105 1092 1.0
1541 1599 1.0
1626 1418 1.0
533 1248 1.0
43 870 1.0
754 482 1.0
273 303 1.0
1053 1095 1.0
1198 1585 1.0
188 908 1.0
758 539 1.0
552 776 1.0
1241 1269 1.0
1021 992 1.0
753 1591 1.0
748 1016 1.0
162 640 1.0
1042 863 1.0
1594 883 1.0
1009 1012 1.0
12 573 1.0
1615 1638 1.0
1607 1583 1.0
1327 1355 1.0
419 30 1.0
1616 779 1.0
1596 1352 1.0
603 733 1.0
1498 1542 1.0
747 624 1.0
1663 755 1.0
313 1094 1.0
1268 1498 1.0
355 345 1.0
87 1172 1.0
213 42 1.0
15 818 1.0
462 252 1.0
1464 588 1.0
724 790 1.0
1074 1191 1.0
152 618 1.0
924 1098 1.0
259 1196 1.0
78 960 1.0
16 23 1.0
548 1516 1.0
1059 880 1.0
1433 1472 1.0
1073 886 1.0
734 1599 1.0
1378 1412 1.0
1190 10 1.0
980 420 1.0
1222 1193 1.0
1003 297 1.0
1318 1086 1.0
459 262 1.0
539 560 1.0
255 211 1.0
1486 970 1.0
880 830 1.0
771 1503 1.0
1285 1328 1.0
642 440 1.0
113 102 1.0
1320 1204 1.0
620 416 1.0
200 1104 1.0
1277 1681 1.0
111 126 1.0
226 353 1.0
1365 1144 1.0
845 1070 1.0
553 399 1.0
1123 1087 1.0
1361 1271 1.0
1452 1213 1.0
3 309 1.0
1454 947 1.0
1284 1490 1.0
1538 647 1.0
1234 1332 1.0
258 228 1.0
1099 1558 1.0
173 225 1.0
628 34 1.0
1136 1163 1.0
1620 1660 1.0
1216 838 1.0
537 566 1.0
1527 927 1.0
1135 794 1.0
1604 1675 1.0
1420 1487 1.0
1674 1165 1.0
1387 997 1.0
801 560 1.0
93 280 1.0
1462 1444 1.0
1057 158 1.0
1317 1313 1.0
700 691 1.0
235 268 1.0
919 495 1.0
1404 1346 1.0
141 1664 1.0
484 109 1.0
620 1468 1.0
1220 316 1.0
341 319 1.0
659 679 1.0
893 938 1.0
1519 241 1.0
167 970 1.0
1380 1295 1.0
536 533 1.0
357 366 1.0
88 1293 1.0
1421 1452 1.0
762 112 1.0
406 383 1.0
1036 1030 1.0
515 648 1.0
1367 1501 1.0
139 1658 1.0
1293 467 1.0
1640 1662 1.0
824 1010 1.0
106 786 1.0
1115 637 1.0
984 807 1.0
626 1620 1.0
1250 1523 1.0
1509 1265 1.0
965 961 1.0
178 193 1.0
421 89 1.0
159 872 1.0
531 261 1.0
478 399 1.0
1677 796 1.0
1052 484 1.0
1595 1588 1.0
653 92 1.0
527 1362 1.0
676 131 1.0
353 876 1.0
498 778 1.0
1323 1303 1.0
615 23 1.0
1245 336 1.0
1653 1579 1.0
1015 1001 1.0
739 802 1.0
1340 1396 1.0
470 982 1.0
948 1280 1.0
1272 1517 1.0
1564 874 1.0
215 548 1.0
387 4 1.0
428 465 1.0
757 550 1.0
479 1390 1.0
884 491 1.0
1097 1387 1.0
1447 1429 1.0
190 97 1.0
597 1002 1.0
1046 1024 1.0
79 870 1.0
650 395 1.0
852 823 1.0
688 1558 1.0
445 749 1.0
1554 1016 1.0
496 524 1.0
643 631 1.0
996 1082 1.0
1215 723 1.0
652 1641 1.0
32 36 1.0
836 536 1.0
1274 240 1.0
715 436 1.0
1144 1527 1.0
327 1135 1.0
198 976 1.0
497 505 1.0
915 118 1.0
579 194 1.0
555 462 1.0
810 986 1.0
1676 1648 1.0
105 332 1.0
189 184 1.0
175 9 1.0
516 1327 1.0
1267 1320 1.0
1311 571 1.0
1523 639 1.0
1310 1338 1.0
22 1201 1.0
714 125 1.0
1407 671 1.0
1103 1125 1.0
983 1300 1.0
1006 1323 1.0
1002 203 1.0
1268 1288 1.0
1376 1640 1.0
1675 1164 1.0
691 1663 1.0
923 907 1.0
129 767 1.0
987 620 1.0
1615 1366 1.0
1430 999 1.0
469 257 1.0
741 526 1.0
1641 1620 1.0
814 980 1.0
775 1661 1.0
325 534 1.0
568 796 1.0
248 1158 1.0
1511 1543 1.0
761 1162 1.0
1069 261 1.0
677 1032 1.0
436 478 1.0
228 1298 1.0
497 705 1.0
273 98 1.0
1589 1333 1.0
1199 1560 1.0
126 28 1.0
318 285 1.0
97 216 1.0
1021 841 1.0
553 390 1.0
943 902 1.0
774 551 1.0
679 643 1.0
1151 505 1.0
1084 894 1.0
1170 1110 1.0
617 130 1.0
916 764 1.0
135 1670 1.0
1251 1484 1.0
1243 1186 1.0
984 1401 1.0
1136 933 1.0
983 991 1.0
954 159 1.0
827 1000 1.0
672 1541 1.0
1203 987 1.0
1546 1514 1.0
204 1007 1.0
747 1479 1.0
781 788 1.0
473 778 1.0
1297 449 1.0
302 1568 1.0
406 575 1.0
339 329 1.0
785 1154 1.0
582 613 1.0
1350 242 1.0
386 437 1.0
940 876 1.0
901 565 1.0
1325 1359 1.0
516 250 1.0
1067 709 1.0
110 77 1.0
347 368 1.0
229 1027 1.0
991 1019 1.0
651 670 1.0
1531 263 1.0
1627 634 1.0
476 520 1.0
1374 1408 1.0
979 669 1.0
857 815 1.0
1498 855 1.0
711 1567 1.0
1429 1492 1.0
111 1572 1.0
1630 1131 1.0
1650 330 1.0
1048 603 1.0
301 729 1.0
436 553 1.0
283 1532 1.0
348 336 1.0
1319 592 1.0
212 290 1.0
641 930 1.0
1482 149 1.0
1125 1180 1.0
61 866 1.0
144 1489 1.0
654 233 1.0
924 1122 1.0
885 371 1.0
357 154 1.0
547 404 1.0
107 259 1.0
1343 1119 1.0
1396 1346 1.0
1117 1025 1.0
270 1065 1.0
1390 1375 1.0
849 49 1.0
1047 1655 1.0
45 1286 1.0
1312 837 1.0
1279 1299 1.0
1156 62 1.0
1383 943 1.0
1231 1195 1.0
958 1469 1.0
1569 1504 1.0
26 765 1.0
1430 1116 1.0
1015 836 1.0
1358 1381 1.0
1324 1566 1.0
342 1335 1.0
598 584 1.0
1360 1306 1.0
1101 657 1.0
1583 1120 1.0
831 1130 1.0
962 1499 1.0
898 1088 1.0
370 351 1.0
1070 630 1.0
1226 845 1.0
1255 1282 1.0
862 819 1.0
1251 1298 1.0
1453 1214 1.0
178 11 1.0
337 384 1.0
1353 614 1.0
543 522 1.0
1278 1075 1.0
707 915 1.0
84 259 1.0
846 328 1.0
94 119 1.0
321 1410 1.0
814 824 1.0
1518 1274 1.0
1258 1622 1.0
88 661 1.0
998 664 1.0
222 641 1.0
954 72 1.0
1466 727 1.0
295 143 1.0
402 1334 1.0
1211 1223 1.0
1242 857 1.0
345 1392 1.0
241 1364 1.0
1359 1403 1.0
373 1076 1.0
1170 706 1.0
1587 1553 1.0
988 811 1.0
561 1062 1.0
661 460 1.0
351 394 1.0
1103 916 1.0
422 1353 1.0
737 692 1.0
1627 744 1.0
819 808 1.0
590 1573 1.0
746 786 1.0
1105 624 1.0
1510 1423 1.0
823 995 1.0
723 62 1.0
1285 1267 1.0
694 701 1.0
945 544 1.0
724 1456 1.0
1389 1407 1.0
1626 1634 1.0
480 494 1.0
1431 1424 1.0
79 48 1.0
1068 369 1.0
611 503 1.0
431 444 1.0
330 1153 1.0
521 754 1.0
456 530 1.0
1681 1631 1.0
525 773 1.0
1571 1548 1.0
592 652 1.0
1574 739 1.0
510 506 1.0
349 1636 1.0
641 1008 1.0
1400 466 1.0
842 1457 1.0
756 522 1.0
1104 1121 1.0
305 1138 1.0
605 284 1.0
1217 379 1.0
1356 1600 1.0
719 739 1.0
729 1032 1.0
490 1202 1.0
64 54 1.0
702 736 1.0
1076 1335 1.0
1313 1434 1.0
522 480 1.0
308 1309 1.0
1169 1401 1.0
1679 16 1.0
524 545 1.0
595 617 1.0
558 797 1.0
1559 1100 1.0
1489 745 1.0
390 537 1.0
410 804 1.0
1139 1289 1.0
879 859 1.0
121 158 1.0
833 1239 1.0
25 286 1.0
1638 1672 1.0
1055 1381 1.0
951 717 1.0
1504 1480 1.0
1252 50 1.0
1485 1252 1.0
1214 191 1.0
1581 1498 1.0
380 400 1.0
30 1211 1.0
1192 1495 1.0
429 1253 1.0
1593 1602 1.0
1679 1402 1.0
1025 1060 1.0
1206 713 1.0
929 1516 1.0
1678 279 1.0
897 919 1.0
683 285 1.0
393 1007 1.0
289 84 1.0
456 656 1.0
1068 490 1.0
138 141 1.0
1425 1616 1.0
1023 210 1.0
1505 1259 1.0
474 1407 1.0
1482 1415 1.0
1134 1632 1.0
418 360 1.0
1337 1476 1.0
274 1083 1.0
343 507 1.0
214 1424 1.0
202 1205 1.0
425 1254 1.0
1539 1301 1.0
475 402 1.0
132 846 1.0
276 1604 1.0
352 568 1.0
913 825 1.0
612 31 1.0
1012 627 1.0
86 1488 1.0
557 538 1.0
1618 432 1.0
454 655 1.0
1426 1459 1.0
1133 1239 1.0
803 1290 1.0
1163 1184 1.0
517 116 1.0
902 913 1.0
551 63 1.0
1681 1605 1.0
1098 911 1.0
1362 167 1.0
614 1597 1.0
1191 1565 1.0
326 1675 1.0
1449 1478 1.0
1212 1267 1.0
1126 481 1.0
1177 1655 1.0
1555 719 1.0
977 801 1.0
378 556 1.0
191 521 1.0
286 1099 1.0
1378 1494 1.0
864 851 1.0
469 280 1.0
28 1445 1.0
366 172 1.0
1619 1577 1.0
1503 132 1.0
120 633 1.0
57 629 1.0
1614 1076 1.0
194 1520 1.0
725 1099 1.0
1018 1303 1.0
1142 775 1.0
481 741 1.0
866 335 1.0
73 875 1.0
47 611 1.0
1 896 1.0
1108 207 1.0
993 1015 1.0
1588 691 1.0
908 929 1.0
13 6 1.0
336 234 1.0
214 302 1.0
699 690 1.0
990 985 1.0
1127 928 1.0
692 102 1.0
1500 1493 1.0
684 638 1.0
1075 1059 1.0
1349 1609 1.0
1563 710 1.0
919 1533 1.0
140 342 1.0
1035 724 1.0
176 1395 1.0
1159 1178 1.0
666 787 1.0
332 143 1.0
1044 954 1.0
326 331 1.0
1161 80 1.0
1003 940 1.0
1299 1257 1.0
1212 1326 1.0
127 1556 1.0
1645 1617 1.0
143 1236 1.0
396 178 1.0
1230 1409 1.0
1338 400 1.0
894 453 1.0
1030 1234 1.0
1287 1224 1.0
1422 822 1.0
912 1545 1.0
1072 1362 1.0
658 596 1.0
520 341 1.0
917 909 1.0
116 164 1.0
761 792 1.0
375 1190 1.0
392 497 1.0
1235 1005 1.0
1506 679 1.0
844 435 1.0
892 1046 1.0
119 120 1.0
576 583 1.0
104 1593 1.0
947 633 1.0
664 266 1.0
1638 1373 1.0
320 1162 1.0
1664 1593 1.0
1393 1184 1.0
458 1255 1.0
1570 704 1.0
336 1038 1.0
50 1467 1.0
955 581 1.0
288 1583 1.0
725 1111 1.0
1292 791 1.0
1568 1082 1.0
1524 1143 1.0
797 151 1.0
183 975 1.0
1680 1607 1.0
1326 1384 1.0
1630 1621 1.0
1497 1432 1.0
492 27 1.0
164 1359 1.0
400 369 1.0
638 363 1.0
769 740 1.0
665 478 1.0
168 885 1.0
669 247 1.0
53 618 1.0
585 393 1.0
929 35 1.0
821 562 1.0
446 567 1.0
1635 1274 1.0
225 51 1.0
595 403 1.0
1493 1048 1.0
85 64 1.0
1501 1432 1.0
625 236 1.0
427 391 1.0
1600 920 1.0
563 532 1.0
316 1022 1.0
966 960 1.0
1220 1302 1.0
325 1132 1.0
174 275 1.0
1457 597 1.0
768 327 1.0
441 1260 1.0
999 605 1.0
1477 1011 1.0
550 361 1.0
1526 165 1.0
1210 1436 1.0
926 965 1.0
296 1563 1.0
367 1077 1.0
735 712 1.0
433 579 1.0
364 306 1.0
503 448 1.0
612 594 1.0
1253 744 1.0
655 83 1.0
1034 681 1.0
1635 161 1.0
63 636 1.0
951 848 1.0
1260 1650 1.0
483 491 1.0
702 494 1.0
465 678 1.0
1592 927 1.0
1416 177 1.0
780 368 1.0
1467 616 1.0
1271 1321 1.0
1438 956 1.0
444 227 1.0
877 346 1.0
471 76 1.0
1252 210 1.0
1338 1068 1.0
1347 1321 1.0
1505 1481 1.0
589 397 1.0
248 367 1.0
394 833 1.0
621 591 1.0
1257 771 1.0
1280 1126 1.0
1564 1078 1.0
818 397 1.0
424 239 1.0
839 810 1.0
1454 120 1.0
905 1092 1.0
861 1040 1.0
1357 1106 1.0
631 666 1.0
740 782 1.0
967 1551 1.0
1400 564 1.0
707 1566 1.0
559 543 1.0
997 893 1.0
1228 1475 1.0
1163 963 1.0
849 1508 1.0
1142 1337 1.0
1483 1646 1.0
797 757 1.0
291 101 1.0
121 843 1.0
1665 78 1.0
1578 1604 1.0
283 1081 1.0
770 329 1.0
184 197 1.0
180 230 1.0
1504 675 1.0
699 493 1.0
1370 554 1.0
370 1625 1.0
1385 976 1.0
971 814 1.0
267 498 1.0
416 946 1.0
779 1548 1.0
1127 1106 1.0
1313 1367 1.0
1440 585 1.0
463 412 1.0
136 171 1.0
104 98 1.0
197 214 1.0
1600 1550 1.0
1351 1317 1.0
1617 1505 1.0
953 898 1.0
1000 747 1.0
799 559 1.0
940 52 1.0
649 760 1.0
1026 504 1.0
496 517 1.0
224 1034 1.0
722 730 1.0
1521 1671 1.0
1063 699 1.0
795 8 1.0
779 753 1.0
935 1137 1.0
309 1129 1.0
1645 1379 1.0
448 463 1.0
931 1117 1.0
809 416 1.0
1121 1093 1.0
639 1450 1.0
807 680 1.0
1480 658 1.0
256 73 1.0
1250 455 1.0
439 277 1.0
1341 1581 1.0
1075 887 1.0
1403 957 1.0
434 453 1.0
45 81 1.0
1057 1038 1.0
655 649 1.0
163 59 1.0
920 1105 1.0
12 754 1.0
306 1322 1.0
851 1609 1.0
149 862 1.0
1078 795 1.0
910 720 1.0
1300 1277 1.0
362 170 1.0
220 179 1.0
1089 1227 1.0
1478 1669 1.0
576 374 1.0
1545 1236 1.0
999 1580 1.0
100 275 1.0
165 157 1.0
118 300 1.0
425 1363 1.0
1385 516 1.0
491 519 1.0
1597 1587 1.0
575 582 1.0
1567 1081 1.0
850 1260 1.0
392 584 1.0
912 27 1.0
1012 1064 1.0
218 682 1.0
570 187 1.0
696 105 1.0
562 1299 1.0
1403 1286 1.0
466 1292 1.0
777 555 1.0
541 176 1.0
695 702 1.0
706 769 1.0
645 443 1.0
690 752 1.0
155 47 1.0
300 15 1.0
727 446 1.0
1466 1380 1.0
906 975 1.0
1406 1399 1.0
914 1611 1.0
674 657 1.0
225 239 1.0
657 637 1.0
729 1612 1.0
482 289 1.0
1200 984 1.0
897 512 1.0
513 413 1.0
608 1590 1.0
71 1509 1.0
568 629 1.0
873 884 1.0
1500 1028 1.0
928 437 1.0
1269 1358 1.0
974 741 1.0
46 232 1.0
285 1578 1.0
502 486 1.0
20 1223 1.0
205 445 1.0
114 1374 1.0
973 168 1.0
1553 18 1.0
51 1530 1.0
617 414 1.0
987 809 1.0
1446 1012 1.0
749 267 1.0
506 310 1.0
1093 1089 1.0
1506 1529 1.0
519 499 1.0
437 1377 1.0
1360 1653 1.0
546 562 1.0
199 1268 1.0
1629 1534 1.0
526 599 1.0
572 189 1.0
1019 1246 1.0
1112 428 1.0
1364 429 1.0
1240 732 1.0
1573 385 1.0
1648 1458 1.0
666 269 1.0
310 208 1.0
266 247 1.0
268 248 1.0
1585 725 1.0
1456 500 1.0
1347 1327 1.0
219 1428 1.0
131 942 1.0
198 1370 1.0
1529 1521 1.0
808 832 1.0
1490 1046 1.0
479 513 1.0
1591 1601 1.0
194 163 1.0
115 96 1.0
70 255 1.0
927 1175 1.0
1606 728 1.0
112 216 1.0
1558 283 1.0
1528 1502 1.0
1013 1011 1.0
412 359 1.0
833 25 1.0
1543 1500 1.0
95 978 1.0
292 1330 1.0
99 1408 1.0
1354 1390 1.0
632 424 1.0
823 827 1.0
561 727 1.0
1029 1406 1.0
826 43 1.0
1443 1471 1.0
1106 1084 1.0
1256 1261 1.0
868 1611 1.0
70 40 1.0
1602 1357 1.0
1371 1619 1.0
1247 1037 1.0
6 1463 1.0
193 209 1.0
375 954 1.0
640 721 1.0
1331 1311 1.0
1024 1063 1.0
1662 1366 1.0
185 1288 1.0
181 187 1.0
1415 108 1.0
1407 1279 1.0
732 1471 1.0
34 304 1.0
1292 87 1.0
638 1524 1.0
303 111 1.0
36 18 1.0
573 373 1.0
472 668 1.0
973 87 1.0
860 1039 1.0
921 507 1.0
1677 93 1.0
1207 988 1.0
1246 1258 1.0
629 1485 1.0
151 355 1.0
77 46 1.0
96 1596 1.0
433 66 1.0
125 151 1.0
1158 1269 1.0
368 1621 1.0
685 288 1.0
1248 751 1.0
796 900 1.0
424 459 1.0
1307 1207 1.0
1101 1115 1.0
363 404 1.0
559 356 1.0
1357 1315 1.0
55 136 1.0
837 1656 1.0
542 1354 1.0
898 924 1.0
1364 528 1.0
1440 1201 1.0
1176 1170 1.0
848 858 1.0
1113 1612 1.0
1122 525 1.0
400 1128 1.0
116 1325 1.0
348 1057 1.0
1152 1176 1.0
309 1090 1.0
386 1319 1.0
21 238 1.0
1309 1376 1.0
1328 479 1.0
893 97 1.0
1056 1157 1.0
430 295 1.0
831 117 1.0
91 805 1.0
356 322 1.0
153 1638 1.0
1561 1101 1.0
90 1345 1.0
486 387 1.0
83 258 1.0
13 1452 1.0
378 17 1.0
275 1356 1.0
670 666 1.0
537 1405 1.0
314 1018 1.0
23 83 1.0
1067 1035 1.0
692 508 1.0
247 1496 1.0
530 420 1.0
686 456 1.0
635 60 1.0
628 917 1.0
252 69 1.0
683 706 1.0
915 1114 1.0
1039 1171 1.0
1119 860 1.0
1646 971 1.0
142 345 1.0
1472 1009 1.0
1088 558 1.0
530 743 1.0
432 475 1.0
606 613 1.0
825 816 1.0
435 664 1.0
1087 918 1.0
1310 380 1.0
925 896 1.0
867 387 1.0
793 569 1.0
1657 753 1.0
544 426 1.0
275 308 1.0
695 480 1.0
449 455 1.0
1023 842 1.0
1656 1343 1.0
701 730 1.0
243 1156 1.0
257 488 1.0
1533 109 1.0
613 591 1.0
1074 1036 1.0
304 1243 1.0
518 731 1.0
840 1624 1.0
1648 1547 1.0
21 1386 1.0
405 829 1.0
564 973 1.0
1155 1133 1.0
221 363 1.0
994 408 1.0
443 1265 1.0
1522 1488 1.0
1263 1270 1.0
1137 1183 1.0
556 541 1.0
1177 1226 1.0
1143 313 1.0
677 467 1.0
1414 1393 1.0
1013 752 1.0
937 230 1.0
499 1215 1.0
1134 323 1.0
1562 1480 1.0
290 1534 1.0
581 615 1.0
509 312 1.0
930 901 1.0
1052 1533 1.0
270 309 1.0
894 904 1.0
186 1093 1.0
471 435 1.0
399 537 1.0
170 430 1.0
859 950 1.0
1061 593 1.0
144 254 1.0
746 448 1.0
1122 911 1.0
472 439 1.0
1082 674 1.0
1203 24 1.0
687 713 1.0
277 92 1.0
1062 360 1.0
582 621 1.0
10 1398 1.0
1412 1512 1.0
329 282 1.0
1275 61 1.0
164 133 1.0
1375 557 1.0
251 220 1.0
1475 955 1.0
312 573 1.0
1284 892 1.0
344 294 1.0
636 105 1.0
1494 1512 1.0
1040 1056 1.0
817 1528 1.0
1286 1242 1.0
647 1462 1.0
1111 711 1.0
93 900 1.0
1380 446 1.0
197 1431 1.0
1278 1301 1.0
1501 1494 1.0
1386 1656 1.0
1118 317 1.0
86 75 1.0
1369 234 1.0
1084 1091 1.0
203 1440 1.0
605 218 1.0
672 734 1.0
1408 958 1.0
1521 631 1.0
1181 1241 1.0
1565 1634 1.0
1649 1397 1.0
77 246 1.0
1237 1002 1.0
788 1537 1.0
243 1044 1.0
372 784 1.0
1243 1287 1.0
297 395 1.0
1547 1515 1.0
1509 256 1.0
1247 1278 1.0
6 51 1.0
698 382 1.0
245 227 1.0
1106 922 1.0
193 14 1.0
881 897 1.0
1295 567 1.0
786 34 1.0
1256 1043 1.0
678 598 1.0
1435 697 1.0
1164 1174 1.0
993 821 1.0
303 310 1.0
721 693 1.0
95 418 1.0
1081 677 1.0
694 722 1.0
346 328 1.0
1450 1462 1.0
1098 1086 1.0
199 185 1.0
356 153 1.0
1059 1005 1.0
55 228 1.0
360 117 1.0
1271 881 1.0
1623 317 1.0
56 1522 1.0
778 715 1.0
627 572 1.0
428 635 1.0
213 192 1.0
42 1421 1.0
1272 1264 1.0
103 183 1.0
1316 179 1.0
816 854 1.0
1131 1152 1.0
1192 458 1.0
1329 1187 1.0
205 703 1.0
322 344 1.0
49 642 1.0
549 1275 1.0
350 1050 1.0
264 1532 1.0
821 836 1.0
1054 875 1.0
512 114 1.0
1366 1373 1.0
252 260 1.0
742 1118 1.0
1083 305 1.0
1160 1141 1.0
1395 972 1.0
675 1444 1.0
1002 829 1.0
1363 531 1.0
1659 1287 1.0
1671 763 1.0
1479 532 1.0
1495 1329 1.0
1664 1393 1.0
15 577 1.0
260 245 1.0
85 1481 1.0
583 644 1.0
187 1446 1.0
319 135 1.0
1288 1112 1.0
619 588 1.0
1591 694 1.0
494 273 1.0
1298 1410 1.0
1092 673 1.0
495 99 1.0
1387 1544 1.0
196 1218 1.0
1433 979 1.0
1469 176 1.0
1109 1164 1.0
61 1154 1.0
818 1416 1.0
1058 1199 1.0
643 670 1.0
787 780 1.0
97 134 1.0
591 570 1.0
174 1232 1.0
467 253 1.0
468 806 1.0
154 172 1.0
221 547 1.0
8 806 1.0
1604 1109 1.0
800 1667 1.0
523 1391 1.0
334 199 1.0
491 1206 1.0
511 477 1.0
1063 1066 1.0
891 433 1.0
547 715 1.0
1322 1577 1.0
1496 1546 1.0
743 147 1.0
1663 1613 1.0
33 1185 1.0
1372 626 1.0
949 422 1.0
1548 716 1.0
1388 1413 1.0
343 1142 1.0
736 510 1.0
1076 889 1.0
855 1025 1.0
1633 1133 1.0
158 148 1.0
1590 1573 1.0
1448 1477 1.0
1086 1103 1.0
895 799 1.0
485 472 1.0
862 338 1.0
1120 740 1.0
817 834 1.0
859 1654 1.0
68 266 1.0
836 828 1.0
502 124 1.0
1590 402 1.0
1121 1188 1.0
593 609 1.0
1186 1370 1.0
130 325 1.0
1585 286 1.0
658 1420 1.0
982 804 1.0
979 1009 1.0
253 1508 1.0
229 274 1.0
712 282 1.0
996 777 1.0
1281 1241 1.0
444 396 1.0
1200 1169 1.0
515 1466 1.0
135 154 1.0
407 392 1.0
878 1056 1.0
1110 1120 1.0
665 1495 1.0
723 1454 1.0
1197 1423 1.0
284 682 1.0
1621 1652 1.0
1217 1297 1.0
103 906 1.0
972 377 1.0
646 444 1.0
1538 1504 1.0
1373 1136 1.0
948 774 1.0
285 276 1.0
488 707 1.0
703 53 1.0
354 794 1.0
1294 175 1.0
1420 600 1.0
204 24 1.0
916 926 1.0
1179 932 1.0
1091 904 1.0
938 812 1.0
294 273 1.0
172 69 1.0
1340 1404 1.0
1534 793 1.0
908 19 1.0
353 188 1.0
1647 1174 1.0
1265 73 1.0
689 668 1.0
1209 492 1.0
602 166 1.0
1020 579 1.0
4 1229 1.0
1175 822 1.0
87 885 1.0
101 1589 1.0
928 922 1.0
872 461 1.0
968 1183 1.0
1544 893 1.0
811 546 1.0
450 190 1.0
1609 731 1.0
150 137 1.0
489 883 1.0
911 895 1.0
1165 768 1.0
966 268 1.0
1397 1175 1.0
249 1500 1.0
1492 1497 1.0
493 272 1.0
234 1146 1.0
1264 1197 1.0
995 790 1.0
804 9 1.0
1179 521 1.0
888 1417 1.0
1325 901 1.0
802 779 1.0
1140 1351 1.0
1530 1291 1.0
1330 1556 1.0
333 865 1.0
223 49 1.0
1196 1341 1.0
1230 1285 1.0
458 604 1.0
1119 932 1.0
752 520 1.0
181 1472 1.0
35 693 1.0
1379 1141 1.0
903 501 1.0
1386 1582 1.0
1096 1453 1.0
109 1339 1.0
128 1614 1.0
887 576 1.0
1441 1484 1.0
155 698 1.0
1628 1654 1.0
1624 745 1.0
794 1678 1.0
956 161 1.0
538 133 1.0
1353 1331 1.0
992 984 1.0
626 667 1.0
1205 1441 1.0
186 180 1.0
1660 1665 1.0
68 1284 1.0
1566 118 1.0
374 192 1.0
1290 1466 1.0
1208 1188 1.0
1631 1622 1.0
1518 661 1.0
907 186 1.0
709 724 1.0
250 1026 1.0
1185 816 1.0
1484 1536 1.0
460 871 1.0
231 249 1.0
1577 898 1.0
631 763 1.0
1476 1541 1.0
1302 348 1.0
1660 82 1.0
306 292 1.0
457 431 1.0
704 1667 1.0
403 414 1.0
870 1147 1.0
51 56 1.0
616 982 1.0
1317 1429 1.0
1286 867 1.0
1508 1262 1.0
945 881 1.0
507 610 1.0
494 510 1.0
1035 995 1.0
784 1153 1.0
1008 529 1.0
397 1203 1.0
703 152 1.0
1071 884 1.0
1107 320 1.0
522 344 1.0
704 1107 1.0
1613 772 1.0
260 85 1.0
676 1531 1.0
876 162 1.0
555 366 1.0
1511 1064 1.0
1156 333 1.0
212 1629 1.0
732 723 1.0
1065 672 1.0
299 441 1.0
117 226 1.0
251 1161 1.0
1541 229 1.0
1236 1629 1.0
944 957 1.0
1367 1378 1.0
796 423 1.0
60 70 1.0
1443 94 1.0
1112 914 1.0
280 488 1.0
1254 531 1.0
657 457 1.0
1675 1647 1.0
901 944 1.0
2 44 1.0
686 482 1.0
736 717 1.0
1423 823 1.0
1417 1326 1.0
1153 1623 1.0
936 967 1.0
211 174 1.0
778 382 1.0
461 1651 1.0
700 1671 1.0
1139 1150 1.0
1622 1560 1.0
820 660 1.0
207 1344 1.0
206 534 1.0
855 868 1.0
1128 1273 1.0
1248 1189 1.0
1374 934 1.0
839 1017 1.0
651 231 1.0
674 462 1.0
347 1630 1.0
1224 1285 1.0
1584 1473 1.0
263 527 1.0
791 1531 1.0
1388 1180 1.0
147 31 1.0
1154 241 1.0
566 198 1.0
671 1665 1.0
843 1557 1.0
798 770 1.0
1219 405 1.0
420 612 1.0
599 689 1.0
1539 1465 1.0
1301 1059 1.0
1038 148 1.0
1373 1414 1.0
237 189 1.0
1461 1600 1.0
166 1068 1.0
1042 645 1.0
1606 1111 1.0
219 201 1.0
691 719 1.0
1563 301 1.0
452 419 1.0
1207 1194 1.0
246 232 1.0
1275 785 1.0
1665 1526 1.0
493 476 1.0
279 710 1.0
774 244 1.0
1304 1345 1.0
101 139 1.0
314 425 1.0
960 248 1.0
1583 1559 1.0
294 104 1.0
890 877 1.0
900 1079 1.0
1457 1219 1.0
809 549 1.0
1468 1238 1.0
624 1618 1.0
39 1237 1.0
1016 1386 1.0
1395 1383 1.0
1491 1177 1.0
1365 889 1.0
1516 783 1.0
632 660 1.0
464 427 1.0
913 447 1.0
1110 769 1.0
44 937 1.0
1199 1191 1.0
681 1535 1.0
571 592 1.0
680 93 1.0
1602 1572 1.0
696 526 1.0
1619 953 1.0
630 501 1.0
1346 1297 1.0
1404 1360 1.0
1441 810 1.0
705 714 1.0
385 614 1.0
284 433 1.0
529 565 1.0
1095 1128 1.0
1123 37 1.0
92 1517 1.0
451 1244 1.0
1426 1391 1.0
253 71 1.0
217 186 1.0
1520 1070 1.0
829 22 1.0
437 434 1.0
519 1240 1.0
1625 1633 1.0
1560 1565 1.0
565 502 1.0
1266 854 1.0
1328 1320 1.0
834 983 1.0
374 389 1.0
726 683 1.0
597 405 1.0
532 432 1.0
1370 1409 1.0
1434 1497 1.0
942 527 1.0
1450 575 1.0
1530 1522 1.0
132 149 1.0
1104 1208 1.0
554 1308 1.0
1109 646 1.0
531 676 1.0
482 656 1.0
752 758 1.0
588 580 1.0
261 131 1.0
1559 1564 1.0
1049 253 1.0
1528 1404 1.0
396 376 1.0
234 251 1.0
1548 1591 1.0
770 712 1.0
1130 1053 1.0
1376 1392 1.0
1154 335 1.0
102 311 1.0
1578 1115 1.0
554 542 1.0
1565 1608 1.0
1196 1422 1.0
1085 1412 1.0
941 1073 1.0
1379 1368 1.0
182 155 1.0
981 1022 1.0
438 452 1.0
158 879 1.0
567 1053 1.0
950 1513 1.0
742 1623 1.0
592 1576 1.0
566 1385 1.0
1401 568 1.0
1361 945 1.0
176 586 1.0
17 1394 1.0
1636 1135 1.0
196 202 1.0
1051 873 1.0
1394 1646 1.0
1607 1110 1.0
1276 1256 1.0
813 95 1.0
143 212 1.0
1491 1047 1.0
4 33 1.0
902 454 1.0
1100 1078 1.0
1672 1664 1.0
33 76 1.0
1529 643 1.0
1560 1626 1.0
417 208 1.0
792 349 1.0
17 150 1.0
1554 1312 1.0
728 1080 1.0
596 1487 1.0
1418 1437 1.0
682 1177 1.0
534 1382 1.0
921 1014 1.0
896 1104 1.0
1547 1595 1.0
1428 1433 1.0
1182 800 1.0
1181 1158 1.0
75 707 1.0
1028 1048 1.0
1522 1276 1.0
1603 869 1.0
3 826 1.0
1329 523 1.0
159 1398 1.0
1382 1518 1.0
1603 623 1.0
434 1372 1.0
639 647 1.0
385 1316 1.0
457 260 1.0
997 190 1.0
382 436 1.0
98 1602 1.0
1335 1592 1.0
678 70 1.0
1641 44 1.0
109 116 1.0
1368 1149 1.0
354 1167 1.0
662 973 1.0
1265 1034 1.0
133 1403 1.0
716 685 1.0
134 270 1.0
1525 1539 1.0
46 708 1.0
830 644 1.0
745 1254 1.0
1462 582 1.0
508 311 1.0
156 650 1.0
820 807 1.0
697 813 1.0
1668 475 1.0
30 20 1.0
1038 1146 1.0
1475 824 1.0
733 302 1.0
398 33 1.0
1167 1678 1.0
513 1375 1.0
1024 738 1.0
92 708 1.0
550 559 1.0
890 367 1.0
1492 1555 1.0
75 1507 1.0
1436 814 1.0
333 72 1.0
1153 768 1.0
1124 1102 1.0
165 890 1.0
706 276 1.0
760 136 1.0
126 1549 1.0
1444 621 1.0
1157 1151 1.0
1656 964 1.0
827 920 1.0
1032 223 1.0
1174 1155 1.0
1405 487 1.0
1580 891 1.0
1629 648 1.0
435 68 1.0
570 625 1.0
244 63 1.0
1187 1405 1.0
324 1218 1.0
591 181 1.0
247 233 1.0
1669 759 1.0
498 547 1.0
84 147 1.0
150 1210 1.0
670 249 1.0
487 516 1.0
216 1014 1.0
1219 195 1.0
711 283 1.0
1014 1065 1.0
799 764 1.0
610 672 1.0
446 1130 1.0
117 1003 1.0
1502 1360 1.0
340 1643 1.0
1551 1417 1.0
909 1659 1.0
1631 1569 1.0
304 359 1.0
1436 1475 1.0
1580 284 1.0
1669 812 1.0
96 101 1.0
1488 1256 1.0
871 645 1.0
1613 1637 1.0
1579 1523 1.0
1445 1421 1.0
607 1587 1.0
1152 726 1.0
1481 1525 1.0
295 1545 1.0
209 206 1.0
708 882 1.0
950 962 1.0
1282 891 1.0
24 620 1.0
772 750 1.0
765 956 1.0
909 936 1.0
430 912 1.0
961 939 1.0
538 438 1.0
358 323 1.0
368 339 1.0
1033 1349 1.0
1239 130 1.0
619 1506 1.0
372 1674 1.0
324 129 1.0
405 989 1.0
107 1649 1.0
1516 91 1.0
937 952 1.0
1396 1217 1.0
734 1570 1.0
586 1168 1.0
584 7 1.0
1162 358 1.0
19 35 1.0
69 85 1.0
1234 1584 1.0
455 639 1.0
812 29 1.0
474 546 1.0
785 1519 1.0
1296 468 1.0
1424 996 1.0
1515 1492 1.0
42 13 1.0
794 1080 1.0
1515 1588 1.0
371 1627 1.0
483 1189 1.0
1102 1085 1.0
1031 848 1.0
1079 842 1.0
507 1337 1.0
1117 485 1.0
1011 977 1.0
952 235 1.0
1556 1575 1.0
122 746 1.0
1321 1355 1.0
1366 1145 1.0
875 1535 1.0
1060 439 1.0
1661 906 1.0
1146 65 1.0
798 735 1.0
179 32 1.0
577 375 1.0
1375 1263 1.0
177 987 1.0
427 452 1.0
621 600 1.0
1354 496 1.0
1218 1455 1.0
713 732 1.0
367 346 1.0
850 1173 1.0
1283 450 1.0
83 55 1.0
1617 1368 1.0
195 15 1.0
907 899 1.0
319 357 1.0
232 489 1.0
762 1639 1.0
1644 802 1.0
952 966 1.0
227 178 1.0
228 321 1.0
1453 964 1.0
1514 1448 1.0
1036 1221 1.0
889 1592 1.0
8 394 1.0
16 196 1.0
299 1564 1.0
125 308 1.0
989 818 1.0
1401 1677 1.0
1140 1159 1.0
1051 1071 1.0
886 88 1.0
1276 1071 1.0
1438 1200 1.0
1503 1482 1.0
1202 1220 1.0
1182 340 1.0
154 1645 1.0
5 185 1.0
1384 1396 1.0
355 1376 1.0
508 514 1.0
1672 1414 1.0
879 1628 1.0
360 869 1.0
1394 1210 1.0
1625 1155 1.0
1593 1336 1.0
363 1143 1.0
873 483 1.0
338 287 1.0
523 451 1.0
963 381 1.0
1620 67 1.0
535 1017 1.0
1144 948 1.0
1064 572 1.0
146 160 1.0
717 506 1.0
1086 895 1.0
180 1089 1.0
414 206 1.0
211 1197 1.0
614 607 1.0
869 1003 1.0
681 470 1.0
327 1606 1.0
1058 1074 1.0
151 142 1.0
741 408 1.0
656 84 1.0
1334 220 1.0
923 217 1.0
25 415 1.0
69 1505 1.0
1263 464 1.0
207 561 1.0
1489 1400 1.0
23 202 1.0
1455 1441 1.0
1410 1371 1.0
373 342 1.0
1312 1096 1.0
795 351 1.0
106 628 1.0
1355 1052 1.0
307 272 1.0
540 760 1.0
115 1575 1.0
1097 1283 1.0
768 1636 1.0
828 873 1.0
701 79 1.0
1657 1669 1.0
110 290 1.0
258 1251 1.0
1525 1278 1.0
72 1166 1.0
417 409 1.0
611 746 1.0
80 37 1.0
920 905 1.0
1540 1479 1.0
1178 1313 1.0
416 1238 1.0
140 289 1.0
1390 524 1.0
880 583 1.0
342 107 1.0
1334 1316 1.0
1048 1131 1.0
59 114 1.0
255 1264 1.0
895 916 1.0
1020 945 1.0
1552 1594 1.0
1520 1305 1.0
1472 1446 1.0
1348 1323 1.0
1260 74 1.0
271 421 1.0
119 832 1.0
1293 1049 1.0
90 4 1.0
615 655 1.0
552 511 1.0
1091 988 1.0
1502 1300 1.0
1524 574 1.0
529 146 1.0
173 6 1.0
1527 1280 1.0
528 1253 1.0
1303 1069 1.0
506 417 1.0
1532 1293 1.0
1277 1246 1.0
1244 1271 1.0
286 688 1.0
722 315 1.0
546 1279 1.0
477 692 1.0
209 38 1.0
968 1145 1.0
868 1060 1.0
1297 1250 1.0
35 783 1.0
1304 902 1.0
1033 851 1.0
1184 1127 1.0
1671 1663 1.0
627 237 1.0
1143 1192 1.0
1135 728 1.0
975 1027 1.0
991 1277 1.0
594 129 1.0
922 894 1.0
1445 1207 1.0
1494 1425 1.0
1488 1507 1.0
14 38 1.0
1306 1250 1.0
1055 1029 1.0
268 1181 1.0
808 281 1.0
1108 1290 1.0
533 483 1.0
586 972 1.0
710 1113 1.0
520 539 1.0
404 1192 1.0
1282 1459 1.0
813 1344 1.0
259 334 1.0
714 797 1.0
1094 1116 1.0
438 45 1.0
874 74 1.0
1552 569 1.0
978 1603 1.0
382 503 1.0
231 1543 1.0
1221 1234 1.0
195 989 1.0
1235 1222 1.0
998 979 1.0
1579 1605 1.0
1132 1382 1.0
841 632 1.0
1305 1216 1.0
661 1049 1.0
810 861 1.0
1223 1428 1.0
123 1249 1.0
153 138 1.0
1046 718 1.0
1637 798 1.0
1644 1616 1.0
542 479 1.0
891 1020 1.0
1455 839 1.0
1240 1215 1.0
1114 1349 1.0
380 1095 1.0
1295 1310 1.0
1299 788 1.0
464 438 1.0
812 3 1.0
1576 2 1.0
715 665 1.0
1481 1247 1.0
1266 1284 1.0
278 981 1.0
445 152 1.0
852 1035 1.0
1608 1584 1.0
575 606 1.0
1470 1340 1.0
1031 1037 1.0
58 1610 1.0
939 951 1.0
767 535 1.0
1556 1314 1.0
39 597 1.0
91 121 1.0
854 511 1.0
1618 1668 1.0
1594 602 1.0
