   0.00000    0.00000
   0.00000    0.33333
   0.00000    0.66667
   0.00000    1.00000
   0.00000    1.33333
   0.00000    1.66667
   0.00000    2.00000
   0.00000    2.33333
   0.00000    2.66667
   0.00000    3.00000
   0.00000    3.33333
   0.00000    3.66667
   0.00000    4.00000
   0.00000    4.33333
   0.00000    4.66667
   0.00000    5.00000
   0.00000    5.33333
   0.00000    5.66667
   0.00000    6.00000
   0.00000    6.33333
   0.00000    6.66667
   0.00000    7.00000
   0.00000    7.33333
   0.00000    7.66667
   0.00000    8.00000
   0.00000    8.33333
   0.00000    8.66667
   0.00000    9.00000
   0.00000    9.33333
   0.00000    9.66667
   0.00000   10.00000
   0.33333    0.00000
   0.33333    0.33333
   0.33333    0.66667
   0.33333    1.00000
   0.33333    1.33333
   0.33333    1.66667
   0.33333    2.00000
   0.33333    2.33333
   0.33333    2.66667
   0.33333    3.00000
   0.33333    3.33333
   0.33333    3.66667
   0.33333    4.00000
   0.33333    4.33333
   0.33333    4.66667
   0.33333    5.00000
   0.33333    5.33333
   0.33333    5.66667
   0.33333    6.00000
   0.33333    6.33333
   0.33333    6.66667
   0.33333    7.00000
   0.33333    7.33333
   0.33333    7.66667
   0.33333    8.00000
   0.33333    8.33333
   0.33333    8.66667
   0.33333    9.00000
   0.33333    9.33333
   0.33333    9.66667
   0.33333   10.00000
   0.66667    0.00000
   0.66667    0.33333
   0.66667    0.66667
   0.66667    1.00000
   0.66667    1.33333
   0.66667    1.66667
   0.66667    2.00000
   0.66667    2.33333
   0.66667    2.66667
   0.66667    3.00000
   0.66667    3.33333
   0.66667    3.66667
   0.66667    4.00000
   0.66667    4.33333
   0.66667    4.66667
   0.66667    5.00000
   0.66667    5.33333
   0.66667    5.66667
   0.66667    6.00000
   0.66667    6.33333
   0.66667    6.66667
   0.66667    7.00000
   0.66667    7.33333
   0.66667    7.66667
   0.66667    8.00000
   0.66667    8.33333
   0.66667    8.66667
   0.66667    9.00000
   0.66667    9.33333
   0.66667    9.66667
   0.66667   10.00000
   1.00000    0.00000
   1.00000    0.33333
   1.00000    0.66667
   1.00000    1.00000
   1.00000    1.33333
   1.00000    1.66667
   1.00000    2.00000
   1.00000    2.33333
   1.00000    2.66667
   1.00000    3.00000
   1.00000    3.33333
   1.00000    3.66667
   1.00000    4.00000
   1.00000    4.33333
   1.00000    4.66667
   1.00000    5.00000
   1.00000    5.33333
   1.00000    5.66667
   1.00000    6.00000
   1.00000    6.33333
   1.00000    6.66667
   1.00000    7.00000
   1.00000    7.33333
   1.00000    7.66667
   1.00000    8.00000
   1.00000    8.33333
   1.00000    8.66667
   1.00000    9.00000
   1.00000    9.33333
   1.00000    9.66667
   1.00000   10.00000
   1.33333    0.00000
   1.33333    0.33333
   1.33333    0.66667
   1.33333    1.00000
   1.33333    1.33333
   1.33333    1.66667
   1.33333    2.00000
   1.33333    2.33333
   1.33333    2.66667
   1.33333    3.00000
   1.33333    3.33333
   1.33333    3.66667
   1.33333    4.00000
   1.33333    4.33333
   1.33333    4.66667
   1.33333    5.00000
   1.33333    5.33333
   1.33333    5.66667
   1.33333    6.00000
   1.33333    6.33333
   1.33333    6.66667
   1.33333    7.00000
   1.33333    7.33333
   1.33333    7.66667
   1.33333    8.00000
   1.33333    8.33333
   1.33333    8.66667
   1.33333    9.00000
   1.33333    9.33333
   1.33333    9.66667
   1.33333   10.00000
   1.66667    0.00000
   1.66667    0.33333
   1.66667    0.66667
   1.66667    1.00000
   1.66667    1.33333
   1.66667    1.66667
   1.66667    2.00000
   1.66667    2.33333
   1.66667    2.66667
   1.66667    3.00000
   1.66667    3.33333
   1.66667    3.66667
   1.66667    4.00000
   1.66667    4.33333
   1.66667    4.66667
   1.66667    5.00000
   1.66667    5.33333
   1.66667    5.66667
   1.66667    6.00000
   1.66667    6.33333
   1.66667    6.66667
   1.66667    7.00000
   1.66667    7.33333
   1.66667    7.66667
   1.66667    8.00000
   1.66667    8.33333
   1.66667    8.66667
   1.66667    9.00000
   1.66667    9.33333
   1.66667    9.66667
   1.66667   10.00000
   2.00000    0.00000
   2.00000    0.33333
   2.00000    0.66667
   2.00000    1.00000
   2.00000    1.33333
   2.00000    1.66667
   2.00000    2.00000
   2.00000    2.33333
   2.00000    2.66667
   2.00000    3.00000
   2.00000    3.33333
   2.00000    3.66667
   2.00000    4.00000
   2.00000    4.33333
   2.00000    4.66667
   2.00000    5.00000
   2.00000    5.33333
   2.00000    5.66667
   2.00000    6.00000
   2.00000    6.33333
   2.00000    6.66667
   2.00000    7.00000
   2.00000    7.33333
   2.00000    7.66667
   2.00000    8.00000
   2.00000    8.33333
   2.00000    8.66667
   2.00000    9.00000
   2.00000    9.33333
   2.00000    9.66667
   2.00000   10.00000
   2.33333    0.00000
   2.33333    0.33333
   2.33333    0.66667
   2.33333    1.00000
   2.33333    1.33333
   2.33333    1.66667
   2.33333    2.00000
   2.33333    2.33333
   2.33333    2.66667
   2.33333    3.00000
   2.33333    3.33333
   2.33333    3.66667
   2.33333    4.00000
   2.33333    4.33333
   2.33333    4.66667
   2.33333    5.00000
   2.33333    5.33333
   2.33333    5.66667
   2.33333    6.00000
   2.33333    6.33333
   2.33333    6.66667
   2.33333    7.00000
   2.33333    7.33333
   2.33333    7.66667
   2.33333    8.00000
   2.33333    8.33333
   2.33333    8.66667
   2.33333    9.00000
   2.33333    9.33333
   2.33333    9.66667
   2.33333   10.00000
   2.66667    0.00000
   2.66667    0.33333
   2.66667    0.66667
   2.66667    1.00000
   2.66667    1.33333
   2.66667    1.66667
   2.66667    2.00000
   2.66667    2.33333
   2.66667    2.66667
   2.66667    3.00000
   2.66667    3.33333
   2.66667    3.66667
   2.66667    4.00000
   2.66667    4.33333
   2.66667    4.66667
   2.66667    5.00000
   2.66667    5.33333
   2.66667    5.66667
   2.66667    6.00000
   2.66667    6.33333
   2.66667    6.66667
   2.66667    7.00000
   2.66667    7.33333
   2.66667    7.66667
   2.66667    8.00000
   2.66667    8.33333
   2.66667    8.66667
   2.66667    9.00000
   2.66667    9.33333
   2.66667    9.66667
   2.66667   10.00000
   3.00000    0.00000
   3.00000    0.33333
   3.00000    0.66667
   3.00000    1.00000
   3.00000    1.33333
   3.00000    1.66667
   3.00000    2.00000
   3.00000    2.33333
   3.00000    2.66667
   3.00000    3.00000
   3.00000    3.33333
   3.00000    3.66667
   3.00000    4.00000
   3.00000    4.33333
   3.00000    4.66667
   3.00000    5.00000
   3.00000    5.33333
   3.00000    5.66667
   3.00000    6.00000
   3.00000    6.33333
   3.00000    6.66667
   3.00000    7.00000
   3.00000    7.33333
   3.00000    7.66667
   3.00000    8.00000
   3.00000    8.33333
   3.00000    8.66667
   3.00000    9.00000
   3.00000    9.33333
   3.00000    9.66667
   3.00000   10.00000
   3.33333    0.00000
   3.33333    0.33333
   3.33333    0.66667
   3.33333    1.00000
   3.33333    1.33333
   3.33333    1.66667
   3.33333    2.00000
   3.33333    2.33333
   3.33333    2.66667
   3.33333    3.00000
   3.33333    3.33333
   3.33333    3.66667
   3.33333    4.00000
   3.33333    4.33333
   3.33333    4.66667
   3.33333    5.00000
   3.33333    5.33333
   3.33333    5.66667
   3.33333    6.00000
   3.33333    6.33333
   3.33333    6.66667
   3.33333    7.00000
   3.33333    7.33333
   3.33333    7.66667
   3.33333    8.00000
   3.33333    8.33333
   3.33333    8.66667
   3.33333    9.00000
   3.33333    9.33333
   3.33333    9.66667
   3.33333   10.00000
   3.66667    0.00000
   3.66667    0.33333
   3.66667    0.66667
   3.66667    1.00000
   3.66667    1.33333
   3.66667    1.66667
   3.66667    2.00000
   3.66667    2.33333
   3.66667    2.66667
   3.66667    3.00000
   3.66667    3.33333
   3.66667    3.66667
   3.66667    4.00000
   3.66667    4.33333
   3.66667    4.66667
   3.66667    5.00000
   3.66667    5.33333
   3.66667    5.66667
   3.66667    6.00000
   3.66667    6.33333
   3.66667    6.66667
   3.66667    7.00000
   3.66667    7.33333
   3.66667    7.66667
   3.66667    8.00000
   3.66667    8.33333
   3.66667    8.66667
   3.66667    9.00000
   3.66667    9.33333
   3.66667    9.66667
   3.66667   10.00000
   4.00000    0.00000
   4.00000    0.33333
   4.00000    0.66667
   4.00000    1.00000
   4.00000    1.33333
   4.00000    1.66667
   4.00000    2.00000
   4.00000    2.33333
   4.00000    2.66667
   4.00000    3.00000
   4.00000    3.33333
   4.00000    3.66667
   4.00000    4.00000
   4.00000    4.33333
   4.00000    4.66667
   4.00000    5.00000
   4.00000    5.33333
   4.00000    5.66667
   4.00000    6.00000
   4.00000    6.33333
   4.00000    6.66667
   4.00000    7.00000
   4.00000    7.33333
   4.00000    7.66667
   4.00000    8.00000
   4.00000    8.33333
   4.00000    8.66667
   4.00000    9.00000
   4.00000    9.33333
   4.00000    9.66667
   4.00000   10.00000
   4.33333    0.00000
   4.33333    0.33333
   4.33333    0.66667
   4.33333    1.00000
   4.33333    1.33333
   4.33333    1.66667
   4.33333    2.00000
   4.33333    2.33333
   4.33333    2.66667
   4.33333    3.00000
   4.33333    3.33333
   4.33333    3.66667
   4.33333    4.00000
   4.33333    4.33333
   4.33333    4.66667
   4.33333    5.00000
   4.33333    5.33333
   4.33333    5.66667
   4.33333    6.00000
   4.33333    6.33333
   4.33333    6.66667
   4.33333    7.00000
   4.33333    7.33333
   4.33333    7.66667
   4.33333    8.00000
   4.33333    8.33333
   4.33333    8.66667
   4.33333    9.00000
   4.33333    9.33333
   4.33333    9.66667
   4.33333   10.00000
   4.66667    0.00000
   4.66667    0.33333
   4.66667    0.66667
   4.66667    1.00000
   4.66667    1.33333
   4.66667    1.66667
   4.66667    2.00000
   4.66667    2.33333
   4.66667    2.66667
   4.66667    3.00000
   4.66667    3.33333
   4.66667    3.66667
   4.66667    4.00000
   4.66667    4.33333
   4.66667    4.66667
   4.66667    5.00000
   4.66667    5.33333
   4.66667    5.66667
   4.66667    6.00000
   4.66667    6.33333
   4.66667    6.66667
   4.66667    7.00000
   4.66667    7.33333
   4.66667    7.66667
   4.66667    8.00000
   4.66667    8.33333
   4.66667    8.66667
   4.66667    9.00000
   4.66667    9.33333
   4.66667    9.66667
   4.66667   10.00000
   5.00000    0.00000
   5.00000    0.33333
   5.00000    0.66667
   5.00000    1.00000
   5.00000    1.33333
   5.00000    1.66667
   5.00000    2.00000
   5.00000    2.33333
   5.00000    2.66667
   5.00000    3.00000
   5.00000    3.33333
   5.00000    3.66667
   5.00000    4.00000
   5.00000    4.33333
   5.00000    4.66667
   5.00000    5.00000
   5.00000    5.33333
   5.00000    5.66667
   5.00000    6.00000
   5.00000    6.33333
   5.00000    6.66667
   5.00000    7.00000
   5.00000    7.33333
   5.00000    7.66667
   5.00000    8.00000
   5.00000    8.33333
   5.00000    8.66667
   5.00000    9.00000
   5.00000    9.33333
   5.00000    9.66667
   5.00000   10.00000
   5.33333    0.00000
   5.33333    0.33333
   5.33333    0.66667
   5.33333    1.00000
   5.33333    1.33333
   5.33333    1.66667
   5.33333    2.00000
   5.33333    2.33333
   5.33333    2.66667
   5.33333    3.00000
   5.33333    3.33333
   5.33333    3.66667
   5.33333    4.00000
   5.33333    4.33333
   5.33333    4.66667
   5.33333    5.00000
   5.33333    5.33333
   5.33333    5.66667
   5.33333    6.00000
   5.33333    6.33333
   5.33333    6.66667
   5.33333    7.00000
   5.33333    7.33333
   5.33333    7.66667
   5.33333    8.00000
   5.33333    8.33333
   5.33333    8.66667
   5.33333    9.00000
   5.33333    9.33333
   5.33333    9.66667
   5.33333   10.00000
   5.66667    0.00000
   5.66667    0.33333
   5.66667    0.66667
   5.66667    1.00000
   5.66667    1.33333
   5.66667    1.66667
   5.66667    2.00000
   5.66667    2.33333
   5.66667    2.66667
   5.66667    3.00000
   5.66667    3.33333
   5.66667    3.66667
   5.66667    4.00000
   5.66667    4.33333
   5.66667    4.66667
   5.66667    5.00000
   5.66667    5.33333
   5.66667    5.66667
   5.66667    6.00000
   5.66667    6.33333
   5.66667    6.66667
   5.66667    7.00000
   5.66667    7.33333
   5.66667    7.66667
   5.66667    8.00000
   5.66667    8.33333
   5.66667    8.66667
   5.66667    9.00000
   5.66667    9.33333
   5.66667    9.66667
   5.66667   10.00000
   6.00000    0.00000
   6.00000    0.33333
   6.00000    0.66667
   6.00000    1.00000
   6.00000    1.33333
   6.00000    1.66667
   6.00000    2.00000
   6.00000    2.33333
   6.00000    2.66667
   6.00000    3.00000
   6.00000    3.33333
   6.00000    3.66667
   6.00000    4.00000
   6.00000    4.33333
   6.00000    4.66667
   6.00000    5.00000
   6.00000    5.33333
   6.00000    5.66667
   6.00000    6.00000
   6.00000    6.33333
   6.00000    6.66667
   6.00000    7.00000
   6.00000    7.33333
   6.00000    7.66667
   6.00000    8.00000
   6.00000    8.33333
   6.00000    8.66667
   6.00000    9.00000
   6.00000    9.33333
   6.00000    9.66667
   6.00000   10.00000
   6.33333    0.00000
   6.33333    0.33333
   6.33333    0.66667
   6.33333    1.00000
   6.33333    1.33333
   6.33333    1.66667
   6.33333    2.00000
   6.33333    2.33333
   6.33333    2.66667
   6.33333    3.00000
   6.33333    3.33333
   6.33333    3.66667
   6.33333    4.00000
   6.33333    4.33333
   6.33333    4.66667
   6.33333    5.00000
   6.33333    5.33333
   6.33333    5.66667
   6.33333    6.00000
   6.33333    6.33333
   6.33333    6.66667
   6.33333    7.00000
   6.33333    7.33333
   6.33333    7.66667
   6.33333    8.00000
   6.33333    8.33333
   6.33333    8.66667
   6.33333    9.00000
   6.33333    9.33333
   6.33333    9.66667
   6.33333   10.00000
   6.66667    0.00000
   6.66667    0.33333
   6.66667    0.66667
   6.66667    1.00000
   6.66667    1.33333
   6.66667    1.66667
   6.66667    2.00000
   6.66667    2.33333
   6.66667    2.66667
   6.66667    3.00000
   6.66667    3.33333
   6.66667    3.66667
   6.66667    4.00000
   6.66667    4.33333
   6.66667    4.66667
   6.66667    5.00000
   6.66667    5.33333
   6.66667    5.66667
   6.66667    6.00000
   6.66667    6.33333
   6.66667    6.66667
   6.66667    7.00000
   6.66667    7.33333
   6.66667    7.66667
   6.66667    8.00000
   6.66667    8.33333
   6.66667    8.66667
   6.66667    9.00000
   6.66667    9.33333
   6.66667    9.66667
   6.66667   10.00000
   7.00000    0.00000
   7.00000    0.33333
   7.00000    0.66667
   7.00000    1.00000
   7.00000    1.33333
   7.00000    1.66667
   7.00000    2.00000
   7.00000    2.33333
   7.00000    2.66667
   7.00000    3.00000
   7.00000    3.33333
   7.00000    3.66667
   7.00000    4.00000
   7.00000    4.33333
   7.00000    4.66667
   7.00000    5.00000
   7.00000    5.33333
   7.00000    5.66667
   7.00000    6.00000
   7.00000    6.33333
   7.00000    6.66667
   7.00000    7.00000
   7.00000    7.33333
   7.00000    7.66667
   7.00000    8.00000
   7.00000    8.33333
   7.00000    8.66667
   7.00000    9.00000
   7.00000    9.33333
   7.00000    9.66667
   7.00000   10.00000
   7.33333    0.00000
   7.33333    0.33333
   7.33333    0.66667
   7.33333    1.00000
   7.33333    1.33333
   7.33333    1.66667
   7.33333    2.00000
   7.33333    2.33333
   7.33333    2.66667
   7.33333    3.00000
   7.33333    3.33333
   7.33333    3.66667
   7.33333    4.00000
   7.33333    4.33333
   7.33333    4.66667
   7.33333    5.00000
   7.33333    5.33333
   7.33333    5.66667
   7.33333    6.00000
   7.33333    6.33333
   7.33333    6.66667
   7.33333    7.00000
   7.33333    7.33333
   7.33333    7.66667
   7.33333    8.00000
   7.33333    8.33333
   7.33333    8.66667
   7.33333    9.00000
   7.33333    9.33333
   7.33333    9.66667
   7.33333   10.00000
   7.66667    0.00000
   7.66667    0.33333
   7.66667    0.66667
   7.66667    1.00000
   7.66667    1.33333
   7.66667    1.66667
   7.66667    2.00000
   7.66667    2.33333
   7.66667    2.66667
   7.66667    3.00000
   7.66667    3.33333
   7.66667    3.66667
   7.66667    4.00000
   7.66667    4.33333
   7.66667    4.66667
   7.66667    5.00000
   7.66667    5.33333
   7.66667    5.66667
   7.66667    6.00000
   7.66667    6.33333
   7.66667    6.66667
   7.66667    7.00000
   7.66667    7.33333
   7.66667    7.66667
   7.66667    8.00000
   7.66667    8.33333
   7.66667    8.66667
   7.66667    9.00000
   7.66667    9.33333
   7.66667    9.66667
   7.66667   10.00000
   8.00000    0.00000
   8.00000    0.33333
   8.00000    0.66667
   8.00000    1.00000
   8.00000    1.33333
   8.00000    1.66667
   8.00000    2.00000
   8.00000    2.33333
   8.00000    2.66667
   8.00000    3.00000
   8.00000    3.33333
   8.00000    3.66667
   8.00000    4.00000
   8.00000    4.33333
   8.00000    4.66667
   8.00000    5.00000
   8.00000    5.33333
   8.00000    5.66667
   8.00000    6.00000
   8.00000    6.33333
   8.00000    6.66667
   8.00000    7.00000
   8.00000    7.33333
   8.00000    7.66667
   8.00000    8.00000
   8.00000    8.33333
   8.00000    8.66667
   8.00000    9.00000
   8.00000    9.33333
   8.00000    9.66667
   8.00000   10.00000
   8.33333    0.00000
   8.33333    0.33333
   8.33333    0.66667
   8.33333    1.00000
   8.33333    1.33333
   8.33333    1.66667
   8.33333    2.00000
   8.33333    2.33333
   8.33333    2.66667
   8.33333    3.00000
   8.33333    3.33333
   8.33333    3.66667
   8.33333    4.00000
   8.33333    4.33333
   8.33333    4.66667
   8.33333    5.00000
   8.33333    5.33333
   8.33333    5.66667
   8.33333    6.00000
   8.33333    6.33333
   8.33333    6.66667
   8.33333    7.00000
   8.33333    7.33333
   8.33333    7.66667
   8.33333    8.00000
   8.33333    8.33333
   8.33333    8.66667
   8.33333    9.00000
   8.33333    9.33333
   8.33333    9.66667
   8.33333   10.00000
   8.66667    0.00000
   8.66667    0.33333
   8.66667    0.66667
   8.66667    1.00000
   8.66667    1.33333
   8.66667    1.66667
   8.66667    2.00000
   8.66667    2.33333
   8.66667    2.66667
   8.66667    3.00000
   8.66667    3.33333
   8.66667    3.66667
   8.66667    4.00000
   8.66667    4.33333
   8.66667    4.66667
   8.66667    5.00000
   8.66667    5.33333
   8.66667    5.66667
   8.66667    6.00000
   8.66667    6.33333
   8.66667    6.66667
   8.66667    7.00000
   8.66667    7.33333
   8.66667    7.66667
   8.66667    8.00000
   8.66667    8.33333
   8.66667    8.66667
   8.66667    9.00000
   8.66667    9.33333
   8.66667    9.66667
   8.66667   10.00000
   9.00000    0.00000
   9.00000    0.33333
   9.00000    0.66667
   9.00000    1.00000
   9.00000    1.33333
   9.00000    1.66667
   9.00000    2.00000
   9.00000    2.33333
   9.00000    2.66667
   9.00000    3.00000
   9.00000    3.33333
   9.00000    3.66667
   9.00000    4.00000
   9.00000    4.33333
   9.00000    4.66667
   9.00000    5.00000
   9.00000    5.33333
   9.00000    5.66667
   9.00000    6.00000
   9.00000    6.33333
   9.00000    6.66667
   9.00000    7.00000
   9.00000    7.33333
   9.00000    7.66667
   9.00000    8.00000
   9.00000    8.33333
   9.00000    8.66667
   9.00000    9.00000
   9.00000    9.33333
   9.00000    9.66667
   9.00000   10.00000
   9.33333    0.00000
   9.33333    0.33333
   9.33333    0.66667
   9.33333    1.00000
   9.33333    1.33333
   9.33333    1.66667
   9.33333    2.00000
   9.33333    2.33333
   9.33333    2.66667
   9.33333    3.00000
   9.33333    3.33333
   9.33333    3.66667
   9.33333    4.00000
   9.33333    4.33333
   9.33333    4.66667
   9.33333    5.00000
   9.33333    5.33333
   9.33333    5.66667
   9.33333    6.00000
   9.33333    6.33333
   9.33333    6.66667
   9.33333    7.00000
   9.33333    7.33333
   9.33333    7.66667
   9.33333    8.00000
   9.33333    8.33333
   9.33333    8.66667
   9.33333    9.00000
   9.33333    9.33333
   9.33333    9.66667
   9.33333   10.00000
   9.66667    0.00000
   9.66667    0.33333
   9.66667    0.66667
   9.66667    1.00000
   9.66667    1.33333
   9.66667    1.66667
   9.66667    2.00000
   9.66667    2.33333
   9.66667    2.66667
   9.66667    3.00000
   9.66667    3.33333
   9.66667    3.66667
   9.66667    4.00000
   9.66667    4.33333
   9.66667    4.66667
   9.66667    5.00000
   9.66667    5.33333
   9.66667    5.66667
   9.66667    6.00000
   9.66667    6.33333
   9.66667    6.66667
   9.66667    7.00000
   9.66667    7.33333
   9.66667    7.66667
   9.66667    8.00000
   9.66667    8.33333
   9.66667    8.66667
   9.66667    9.00000
   9.66667    9.33333
   9.66667    9.66667
   9.66667   10.00000
  10.00000    0.00000
  10.00000    0.33333
  10.00000    0.66667
  10.00000    1.00000
  10.00000    1.33333
  10.00000    1.66667
  10.00000    2.00000
  10.00000    2.33333
  10.00000    2.66667
  10.00000    3.00000
  10.00000    3.33333
  10.00000    3.66667
  10.00000    4.00000
  10.00000    4.33333
  10.00000    4.66667
  10.00000    5.00000
  10.00000    5.33333
  10.00000    5.66667
  10.00000    6.00000
  10.00000    6.33333
  10.00000    6.66667
  10.00000    7.00000
  10.00000    7.33333
  10.00000    7.66667
  10.00000    8.00000
  10.00000    8.33333
  10.00000    8.66667
  10.00000    9.00000
  10.00000    9.33333
  10.00000    9.66667
  10.00000   10.00000
