   0.00000    0.00000
   0.00000    1.66667
   0.00000    3.33333
   0.00000    5.00000
   0.00000    6.66667
   0.00000    8.33333
   0.00000   10.00000
   0.00000   11.66667
   0.00000   13.33333
   0.00000   15.00000
   0.00000   16.66667
   0.00000   18.33333
   0.00000   20.00000
   0.00000   21.66667
   0.00000   23.33333
   0.00000   25.00000
   0.00000   26.66667
   0.00000   28.33333
   0.00000   30.00000
   0.00000   31.66667
   0.00000   33.33333
   0.00000   35.00000
   0.00000   36.66667
   0.00000   38.33333
   0.00000   40.00000
   0.00000   41.66667
   0.00000   43.33333
   0.00000   45.00000
   0.00000   46.66667
   0.00000   48.33333
   0.00000   50.00000
   1.66667    0.00000
   1.66667    1.66667
   1.66667    3.33333
   1.66667    5.00000
   1.66667    6.66667
   1.66667    8.33333
   1.66667   10.00000
   1.66667   11.66667
   1.66667   13.33333
   1.66667   15.00000
   1.66667   16.66667
   1.66667   18.33333
   1.66667   20.00000
   1.66667   21.66667
   1.66667   23.33333
   1.66667   25.00000
   1.66667   26.66667
   1.66667   28.33333
   1.66667   30.00000
   1.66667   31.66667
   1.66667   33.33333
   1.66667   35.00000
   1.66667   36.66667
   1.66667   38.33333
   1.66667   40.00000
   1.66667   41.66667
   1.66667   43.33333
   1.66667   45.00000
   1.66667   46.66667
   1.66667   48.33333
   1.66667   50.00000
   3.33333    0.00000
   3.33333    1.66667
   3.33333    3.33333
   3.33333    5.00000
   3.33333    6.66667
   3.33333    8.33333
   3.33333   10.00000
   3.33333   11.66667
   3.33333   13.33333
   3.33333   15.00000
   3.33333   16.66667
   3.33333   18.33333
   3.33333   20.00000
   3.33333   21.66667
   3.33333   23.33333
   3.33333   25.00000
   3.33333   26.66667
   3.33333   28.33333
   3.33333   30.00000
   3.33333   31.66667
   3.33333   33.33333
   3.33333   35.00000
   3.33333   36.66667
   3.33333   38.33333
   3.33333   40.00000
   3.33333   41.66667
   3.33333   43.33333
   3.33333   45.00000
   3.33333   46.66667
   3.33333   48.33333
   3.33333   50.00000
   5.00000    0.00000
   5.00000    1.66667
   5.00000    3.33333
   5.00000    5.00000
   5.00000    6.66667
   5.00000    8.33333
   5.00000   10.00000
   5.00000   11.66667
   5.00000   13.33333
   5.00000   15.00000
   5.00000   16.66667
   5.00000   18.33333
   5.00000   20.00000
   5.00000   21.66667
   5.00000   23.33333
   5.00000   25.00000
   5.00000   26.66667
   5.00000   28.33333
   5.00000   30.00000
   5.00000   31.66667
   5.00000   33.33333
   5.00000   35.00000
   5.00000   36.66667
   5.00000   38.33333
   5.00000   40.00000
   5.00000   41.66667
   5.00000   43.33333
   5.00000   45.00000
   5.00000   46.66667
   5.00000   48.33333
   5.00000   50.00000
   6.66667    0.00000
   6.66667    1.66667
   6.66667    3.33333
   6.66667    5.00000
   6.66667    6.66667
   6.66667    8.33333
   6.66667   10.00000
   6.66667   11.66667
   6.66667   13.33333
   6.66667   15.00000
   6.66667   16.66667
   6.66667   18.33333
   6.66667   20.00000
   6.66667   21.66667
   6.66667   23.33333
   6.66667   25.00000
   6.66667   26.66667
   6.66667   28.33333
   6.66667   30.00000
   6.66667   31.66667
   6.66667   33.33333
   6.66667   35.00000
   6.66667   36.66667
   6.66667   38.33333
   6.66667   40.00000
   6.66667   41.66667
   6.66667   43.33333
   6.66667   45.00000
   6.66667   46.66667
   6.66667   48.33333
   6.66667   50.00000
   8.33333    0.00000
   8.33333    1.66667
   8.33333    3.33333
   8.33333    5.00000
   8.33333    6.66667
   8.33333    8.33333
   8.33333   10.00000
   8.33333   11.66667
   8.33333   13.33333
   8.33333   15.00000
   8.33333   16.66667
   8.33333   18.33333
   8.33333   20.00000
   8.33333   21.66667
   8.33333   23.33333
   8.33333   25.00000
   8.33333   26.66667
   8.33333   28.33333
   8.33333   30.00000
   8.33333   31.66667
   8.33333   33.33333
   8.33333   35.00000
   8.33333   36.66667
   8.33333   38.33333
   8.33333   40.00000
   8.33333   41.66667
   8.33333   43.33333
   8.33333   45.00000
   8.33333   46.66667
   8.33333   48.33333
   8.33333   50.00000
  10.00000    0.00000
  10.00000    1.66667
  10.00000    3.33333
  10.00000    5.00000
  10.00000    6.66667
  10.00000    8.33333
  10.00000   10.00000
  10.00000   11.66667
  10.00000   13.33333
  10.00000   15.00000
  10.00000   16.66667
  10.00000   18.33333
  10.00000   20.00000
  10.00000   21.66667
  10.00000   23.33333
  10.00000   25.00000
  10.00000   26.66667
  10.00000   28.33333
  10.00000   30.00000
  10.00000   31.66667
  10.00000   33.33333
  10.00000   35.00000
  10.00000   36.66667
  10.00000   38.33333
  10.00000   40.00000
  10.00000   41.66667
  10.00000   43.33333
  10.00000   45.00000
  10.00000   46.66667
  10.00000   48.33333
  10.00000   50.00000
  11.66667    0.00000
  11.66667    1.66667
  11.66667    3.33333
  11.66667    5.00000
  11.66667    6.66667
  11.66667    8.33333
  11.66667   10.00000
  11.66667   11.66667
  11.66667   13.33333
  11.66667   15.00000
  11.66667   16.66667
  11.66667   18.33333
  11.66667   20.00000
  11.66667   21.66667
  11.66667   23.33333
  11.66667   25.00000
  11.66667   26.66667
  11.66667   28.33333
  11.66667   30.00000
  11.66667   31.66667
  11.66667   33.33333
  11.66667   35.00000
  11.66667   36.66667
  11.66667   38.33333
  11.66667   40.00000
  11.66667   41.66667
  11.66667   43.33333
  11.66667   45.00000
  11.66667   46.66667
  11.66667   48.33333
  11.66667   50.00000
  13.33333    0.00000
  13.33333    1.66667
  13.33333    3.33333
  13.33333    5.00000
  13.33333    6.66667
  13.33333    8.33333
  13.33333   10.00000
  13.33333   11.66667
  13.33333   13.33333
  13.33333   15.00000
  13.33333   16.66667
  13.33333   18.33333
  13.33333   20.00000
  13.33333   21.66667
  13.33333   23.33333
  13.33333   25.00000
  13.33333   26.66667
  13.33333   28.33333
  13.33333   30.00000
  13.33333   31.66667
  13.33333   33.33333
  13.33333   35.00000
  13.33333   36.66667
  13.33333   38.33333
  13.33333   40.00000
  13.33333   41.66667
  13.33333   43.33333
  13.33333   45.00000
  13.33333   46.66667
  13.33333   48.33333
  13.33333   50.00000
  15.00000    0.00000
  15.00000    1.66667
  15.00000    3.33333
  15.00000    5.00000
  15.00000    6.66667
  15.00000    8.33333
  15.00000   10.00000
  15.00000   11.66667
  15.00000   13.33333
  15.00000   15.00000
  15.00000   16.66667
  15.00000   18.33333
  15.00000   20.00000
  15.00000   21.66667
  15.00000   23.33333
  15.00000   25.00000
  15.00000   26.66667
  15.00000   28.33333
  15.00000   30.00000
  15.00000   31.66667
  15.00000   33.33333
  15.00000   35.00000
  15.00000   36.66667
  15.00000   38.33333
  15.00000   40.00000
  15.00000   41.66667
  15.00000   43.33333
  15.00000   45.00000
  15.00000   46.66667
  15.00000   48.33333
  15.00000   50.00000
  16.66667    0.00000
  16.66667    1.66667
  16.66667    3.33333
  16.66667    5.00000
  16.66667    6.66667
  16.66667    8.33333
  16.66667   10.00000
  16.66667   11.66667
  16.66667   13.33333
  16.66667   15.00000
  16.66667   16.66667
  16.66667   18.33333
  16.66667   20.00000
  16.66667   21.66667
  16.66667   23.33333
  16.66667   25.00000
  16.66667   26.66667
  16.66667   28.33333
  16.66667   30.00000
  16.66667   31.66667
  16.66667   33.33333
  16.66667   35.00000
  16.66667   36.66667
  16.66667   38.33333
  16.66667   40.00000
  16.66667   41.66667
  16.66667   43.33333
  16.66667   45.00000
  16.66667   46.66667
  16.66667   48.33333
  16.66667   50.00000
  18.33333    0.00000
  18.33333    1.66667
  18.33333    3.33333
  18.33333    5.00000
  18.33333    6.66667
  18.33333    8.33333
  18.33333   10.00000
  18.33333   11.66667
  18.33333   13.33333
  18.33333   15.00000
  18.33333   16.66667
  18.33333   18.33333
  18.33333   20.00000
  18.33333   21.66667
  18.33333   23.33333
  18.33333   25.00000
  18.33333   26.66667
  18.33333   28.33333
  18.33333   30.00000
  18.33333   31.66667
  18.33333   33.33333
  18.33333   35.00000
  18.33333   36.66667
  18.33333   38.33333
  18.33333   40.00000
  18.33333   41.66667
  18.33333   43.33333
  18.33333   45.00000
  18.33333   46.66667
  18.33333   48.33333
  18.33333   50.00000
  20.00000    0.00000
  20.00000    1.66667
  20.00000    3.33333
  20.00000    5.00000
  20.00000    6.66667
  20.00000    8.33333
  20.00000   10.00000
  20.00000   11.66667
  20.00000   13.33333
  20.00000   15.00000
  20.00000   16.66667
  20.00000   18.33333
  20.00000   20.00000
  20.00000   21.66667
  20.00000   23.33333
  20.00000   25.00000
  20.00000   26.66667
  20.00000   28.33333
  20.00000   30.00000
  20.00000   31.66667
  20.00000   33.33333
  20.00000   35.00000
  20.00000   36.66667
  20.00000   38.33333
  20.00000   40.00000
  20.00000   41.66667
  20.00000   43.33333
  20.00000   45.00000
  20.00000   46.66667
  20.00000   48.33333
  20.00000   50.00000
  21.66667    0.00000
  21.66667    1.66667
  21.66667    3.33333
  21.66667    5.00000
  21.66667    6.66667
  21.66667    8.33333
  21.66667   10.00000
  21.66667   11.66667
  21.66667   13.33333
  21.66667   15.00000
  21.66667   16.66667
  21.66667   18.33333
  21.66667   20.00000
  21.66667   21.66667
  21.66667   23.33333
  21.66667   25.00000
  21.66667   26.66667
  21.66667   28.33333
  21.66667   30.00000
  21.66667   31.66667
  21.66667   33.33333
  21.66667   35.00000
  21.66667   36.66667
  21.66667   38.33333
  21.66667   40.00000
  21.66667   41.66667
  21.66667   43.33333
  21.66667   45.00000
  21.66667   46.66667
  21.66667   48.33333
  21.66667   50.00000
  23.33333    0.00000
  23.33333    1.66667
  23.33333    3.33333
  23.33333    5.00000
  23.33333    6.66667
  23.33333    8.33333
  23.33333   10.00000
  23.33333   11.66667
  23.33333   13.33333
  23.33333   15.00000
  23.33333   16.66667
  23.33333   18.33333
  23.33333   20.00000
  23.33333   21.66667
  23.33333   23.33333
  23.33333   25.00000
  23.33333   26.66667
  23.33333   28.33333
  23.33333   30.00000
  23.33333   31.66667
  23.33333   33.33333
  23.33333   35.00000
  23.33333   36.66667
  23.33333   38.33333
  23.33333   40.00000
  23.33333   41.66667
  23.33333   43.33333
  23.33333   45.00000
  23.33333   46.66667
  23.33333   48.33333
  23.33333   50.00000
  25.00000    0.00000
  25.00000    1.66667
  25.00000    3.33333
  25.00000    5.00000
  25.00000    6.66667
  25.00000    8.33333
  25.00000   10.00000
  25.00000   11.66667
  25.00000   13.33333
  25.00000   15.00000
  25.00000   16.66667
  25.00000   18.33333
  25.00000   20.00000
  25.00000   21.66667
  25.00000   23.33333
  25.00000   25.00000
  25.00000   26.66667
  25.00000   28.33333
  25.00000   30.00000
  25.00000   31.66667
  25.00000   33.33333
  25.00000   35.00000
  25.00000   36.66667
  25.00000   38.33333
  25.00000   40.00000
  25.00000   41.66667
  25.00000   43.33333
  25.00000   45.00000
  25.00000   46.66667
  25.00000   48.33333
  25.00000   50.00000
  26.66667    0.00000
  26.66667    1.66667
  26.66667    3.33333
  26.66667    5.00000
  26.66667    6.66667
  26.66667    8.33333
  26.66667   10.00000
  26.66667   11.66667
  26.66667   13.33333
  26.66667   15.00000
  26.66667   16.66667
  26.66667   18.33333
  26.66667   20.00000
  26.66667   21.66667
  26.66667   23.33333
  26.66667   25.00000
  26.66667   26.66667
  26.66667   28.33333
  26.66667   30.00000
  26.66667   31.66667
  26.66667   33.33333
  26.66667   35.00000
  26.66667   36.66667
  26.66667   38.33333
  26.66667   40.00000
  26.66667   41.66667
  26.66667   43.33333
  26.66667   45.00000
  26.66667   46.66667
  26.66667   48.33333
  26.66667   50.00000
  28.33333    0.00000
  28.33333    1.66667
  28.33333    3.33333
  28.33333    5.00000
  28.33333    6.66667
  28.33333    8.33333
  28.33333   10.00000
  28.33333   11.66667
  28.33333   13.33333
  28.33333   15.00000
  28.33333   16.66667
  28.33333   18.33333
  28.33333   20.00000
  28.33333   21.66667
  28.33333   23.33333
  28.33333   25.00000
  28.33333   26.66667
  28.33333   28.33333
  28.33333   30.00000
  28.33333   31.66667
  28.33333   33.33333
  28.33333   35.00000
  28.33333   36.66667
  28.33333   38.33333
  28.33333   40.00000
  28.33333   41.66667
  28.33333   43.33333
  28.33333   45.00000
  28.33333   46.66667
  28.33333   48.33333
  28.33333   50.00000
  30.00000    0.00000
  30.00000    1.66667
  30.00000    3.33333
  30.00000    5.00000
  30.00000    6.66667
  30.00000    8.33333
  30.00000   10.00000
  30.00000   11.66667
  30.00000   13.33333
  30.00000   15.00000
  30.00000   16.66667
  30.00000   18.33333
  30.00000   20.00000
  30.00000   21.66667
  30.00000   23.33333
  30.00000   25.00000
  30.00000   26.66667
  30.00000   28.33333
  30.00000   30.00000
  30.00000   31.66667
  30.00000   33.33333
  30.00000   35.00000
  30.00000   36.66667
  30.00000   38.33333
  30.00000   40.00000
  30.00000   41.66667
  30.00000   43.33333
  30.00000   45.00000
  30.00000   46.66667
  30.00000   48.33333
  30.00000   50.00000
  31.66667    0.00000
  31.66667    1.66667
  31.66667    3.33333
  31.66667    5.00000
  31.66667    6.66667
  31.66667    8.33333
  31.66667   10.00000
  31.66667   11.66667
  31.66667   13.33333
  31.66667   15.00000
  31.66667   16.66667
  31.66667   18.33333
  31.66667   20.00000
  31.66667   21.66667
  31.66667   23.33333
  31.66667   25.00000
  31.66667   26.66667
  31.66667   28.33333
  31.66667   30.00000
  31.66667   31.66667
  31.66667   33.33333
  31.66667   35.00000
  31.66667   36.66667
  31.66667   38.33333
  31.66667   40.00000
  31.66667   41.66667
  31.66667   43.33333
  31.66667   45.00000
  31.66667   46.66667
  31.66667   48.33333
  31.66667   50.00000
  33.33333    0.00000
  33.33333    1.66667
  33.33333    3.33333
  33.33333    5.00000
  33.33333    6.66667
  33.33333    8.33333
  33.33333   10.00000
  33.33333   11.66667
  33.33333   13.33333
  33.33333   15.00000
  33.33333   16.66667
  33.33333   18.33333
  33.33333   20.00000
  33.33333   21.66667
  33.33333   23.33333
  33.33333   25.00000
  33.33333   26.66667
  33.33333   28.33333
  33.33333   30.00000
  33.33333   31.66667
  33.33333   33.33333
  33.33333   35.00000
  33.33333   36.66667
  33.33333   38.33333
  33.33333   40.00000
  33.33333   41.66667
  33.33333   43.33333
  33.33333   45.00000
  33.33333   46.66667
  33.33333   48.33333
  33.33333   50.00000
  35.00000    0.00000
  35.00000    1.66667
  35.00000    3.33333
  35.00000    5.00000
  35.00000    6.66667
  35.00000    8.33333
  35.00000   10.00000
  35.00000   11.66667
  35.00000   13.33333
  35.00000   15.00000
  35.00000   16.66667
  35.00000   18.33333
  35.00000   20.00000
  35.00000   21.66667
  35.00000   23.33333
  35.00000   25.00000
  35.00000   26.66667
  35.00000   28.33333
  35.00000   30.00000
  35.00000   31.66667
  35.00000   33.33333
  35.00000   35.00000
  35.00000   36.66667
  35.00000   38.33333
  35.00000   40.00000
  35.00000   41.66667
  35.00000   43.33333
  35.00000   45.00000
  35.00000   46.66667
  35.00000   48.33333
  35.00000   50.00000
  36.66667    0.00000
  36.66667    1.66667
  36.66667    3.33333
  36.66667    5.00000
  36.66667    6.66667
  36.66667    8.33333
  36.66667   10.00000
  36.66667   11.66667
  36.66667   13.33333
  36.66667   15.00000
  36.66667   16.66667
  36.66667   18.33333
  36.66667   20.00000
  36.66667   21.66667
  36.66667   23.33333
  36.66667   25.00000
  36.66667   26.66667
  36.66667   28.33333
  36.66667   30.00000
  36.66667   31.66667
  36.66667   33.33333
  36.66667   35.00000
  36.66667   36.66667
  36.66667   38.33333
  36.66667   40.00000
  36.66667   41.66667
  36.66667   43.33333
  36.66667   45.00000
  36.66667   46.66667
  36.66667   48.33333
  36.66667   50.00000
  38.33333    0.00000
  38.33333    1.66667
  38.33333    3.33333
  38.33333    5.00000
  38.33333    6.66667
  38.33333    8.33333
  38.33333   10.00000
  38.33333   11.66667
  38.33333   13.33333
  38.33333   15.00000
  38.33333   16.66667
  38.33333   18.33333
  38.33333   20.00000
  38.33333   21.66667
  38.33333   23.33333
  38.33333   25.00000
  38.33333   26.66667
  38.33333   28.33333
  38.33333   30.00000
  38.33333   31.66667
  38.33333   33.33333
  38.33333   35.00000
  38.33333   36.66667
  38.33333   38.33333
  38.33333   40.00000
  38.33333   41.66667
  38.33333   43.33333
  38.33333   45.00000
  38.33333   46.66667
  38.33333   48.33333
  38.33333   50.00000
  40.00000    0.00000
  40.00000    1.66667
  40.00000    3.33333
  40.00000    5.00000
  40.00000    6.66667
  40.00000    8.33333
  40.00000   10.00000
  40.00000   11.66667
  40.00000   13.33333
  40.00000   15.00000
  40.00000   16.66667
  40.00000   18.33333
  40.00000   20.00000
  40.00000   21.66667
  40.00000   23.33333
  40.00000   25.00000
  40.00000   26.66667
  40.00000   28.33333
  40.00000   30.00000
  40.00000   31.66667
  40.00000   33.33333
  40.00000   35.00000
  40.00000   36.66667
  40.00000   38.33333
  40.00000   40.00000
  40.00000   41.66667
  40.00000   43.33333
  40.00000   45.00000
  40.00000   46.66667
  40.00000   48.33333
  40.00000   50.00000
  41.66667    0.00000
  41.66667    1.66667
  41.66667    3.33333
  41.66667    5.00000
  41.66667    6.66667
  41.66667    8.33333
  41.66667   10.00000
  41.66667   11.66667
  41.66667   13.33333
  41.66667   15.00000
  41.66667   16.66667
  41.66667   18.33333
  41.66667   20.00000
  41.66667   21.66667
  41.66667   23.33333
  41.66667   25.00000
  41.66667   26.66667
  41.66667   28.33333
  41.66667   30.00000
  41.66667   31.66667
  41.66667   33.33333
  41.66667   35.00000
  41.66667   36.66667
  41.66667   38.33333
  41.66667   40.00000
  41.66667   41.66667
  41.66667   43.33333
  41.66667   45.00000
  41.66667   46.66667
  41.66667   48.33333
  41.66667   50.00000
  43.33333    0.00000
  43.33333    1.66667
  43.33333    3.33333
  43.33333    5.00000
  43.33333    6.66667
  43.33333    8.33333
  43.33333   10.00000
  43.33333   11.66667
  43.33333   13.33333
  43.33333   15.00000
  43.33333   16.66667
  43.33333   18.33333
  43.33333   20.00000
  43.33333   21.66667
  43.33333   23.33333
  43.33333   25.00000
  43.33333   26.66667
  43.33333   28.33333
  43.33333   30.00000
  43.33333   31.66667
  43.33333   33.33333
  43.33333   35.00000
  43.33333   36.66667
  43.33333   38.33333
  43.33333   40.00000
  43.33333   41.66667
  43.33333   43.33333
  43.33333   45.00000
  43.33333   46.66667
  43.33333   48.33333
  43.33333   50.00000
  45.00000    0.00000
  45.00000    1.66667
  45.00000    3.33333
  45.00000    5.00000
  45.00000    6.66667
  45.00000    8.33333
  45.00000   10.00000
  45.00000   11.66667
  45.00000   13.33333
  45.00000   15.00000
  45.00000   16.66667
  45.00000   18.33333
  45.00000   20.00000
  45.00000   21.66667
  45.00000   23.33333
  45.00000   25.00000
  45.00000   26.66667
  45.00000   28.33333
  45.00000   30.00000
  45.00000   31.66667
  45.00000   33.33333
  45.00000   35.00000
  45.00000   36.66667
  45.00000   38.33333
  45.00000   40.00000
  45.00000   41.66667
  45.00000   43.33333
  45.00000   45.00000
  45.00000   46.66667
  45.00000   48.33333
  45.00000   50.00000
  46.66667    0.00000
  46.66667    1.66667
  46.66667    3.33333
  46.66667    5.00000
  46.66667    6.66667
  46.66667    8.33333
  46.66667   10.00000
  46.66667   11.66667
  46.66667   13.33333
  46.66667   15.00000
  46.66667   16.66667
  46.66667   18.33333
  46.66667   20.00000
  46.66667   21.66667
  46.66667   23.33333
  46.66667   25.00000
  46.66667   26.66667
  46.66667   28.33333
  46.66667   30.00000
  46.66667   31.66667
  46.66667   33.33333
  46.66667   35.00000
  46.66667   36.66667
  46.66667   38.33333
  46.66667   40.00000
  46.66667   41.66667
  46.66667   43.33333
  46.66667   45.00000
  46.66667   46.66667
  46.66667   48.33333
  46.66667   50.00000
  48.33333    0.00000
  48.33333    1.66667
  48.33333    3.33333
  48.33333    5.00000
  48.33333    6.66667
  48.33333    8.33333
  48.33333   10.00000
  48.33333   11.66667
  48.33333   13.33333
  48.33333   15.00000
  48.33333   16.66667
  48.33333   18.33333
  48.33333   20.00000
  48.33333   21.66667
  48.33333   23.33333
  48.33333   25.00000
  48.33333   26.66667
  48.33333   28.33333
  48.33333   30.00000
  48.33333   31.66667
  48.33333   33.33333
  48.33333   35.00000
  48.33333   36.66667
  48.33333   38.33333
  48.33333   40.00000
  48.33333   41.66667
  48.33333   43.33333
  48.33333   45.00000
  48.33333   46.66667
  48.33333   48.33333
  48.33333   50.00000
  50.00000    0.00000
  50.00000    1.66667
  50.00000    3.33333
  50.00000    5.00000
  50.00000    6.66667
  50.00000    8.33333
  50.00000   10.00000
  50.00000   11.66667
  50.00000   13.33333
  50.00000   15.00000
  50.00000   16.66667
  50.00000   18.33333
  50.00000   20.00000
  50.00000   21.66667
  50.00000   23.33333
  50.00000   25.00000
  50.00000   26.66667
  50.00000   28.33333
  50.00000   30.00000
  50.00000   31.66667
  50.00000   33.33333
  50.00000   35.00000
  50.00000   36.66667
  50.00000   38.33333
  50.00000   40.00000
  50.00000   41.66667
  50.00000   43.33333
  50.00000   45.00000
  50.00000   46.66667
  50.00000   48.33333
  50.00000   50.00000
