-1.4078 50.9222
-1.4078 50.922734
-1.4078 50.923268
-1.4078 50.923802
-1.4078 50.924336000000004
-1.4078 50.924870000000006
-1.4078 50.92540400000001
-1.4078 50.92593800000001
-1.4078 50.92647200000001
-1.4078 50.92700600000001
-1.4078 50.927540000000015
-1.4078 50.92807400000002
-1.4078 50.92860800000002
-1.4078 50.92914200000002
-1.4078 50.92967600000002
-1.4078 50.930210000000024
-1.4078 50.930744000000026
-1.4078 50.93127800000003
-1.4078 50.93181200000003
-1.4078 50.93234600000003
-1.4078 50.93288000000003
-1.4078 50.933414000000035
-1.4078 50.933948000000036
-1.4078 50.93448200000004
-1.4078 50.93501600000004
-1.4078 50.93555000000004
-1.4078 50.936084000000044
-1.4078 50.936618000000045
-1.4078 50.93715200000005
-1.4078 50.93768600000005
-1.4078 50.93822000000005
-1.4078 50.93875400000005
-1.4078 50.939288000000055
-1.4078 50.939822000000056
-1.4078 50.94035600000006
-1.4078 50.94089000000006
-1.4078 50.94142400000006
-1.4078 50.941958000000064
-1.4078 50.942492000000065
-1.4078 50.94302600000007
-1.4078 50.94356000000007
-1.4078 50.94409400000007
-1.4078 50.94462800000007
-1.4078 50.945162000000074
-1.4078 50.945696000000076
-1.4078 50.94623000000008
-1.4078 50.94676400000008
-1.4078 50.94729800000008
-1.4078 50.94783200000008
-1.4078 50.948366000000085
-1.4068559999999999 50.9222
-1.4068559999999999 50.922734
-1.4068559999999999 50.923268
-1.4068559999999999 50.923802
-1.4068559999999999 50.924336000000004
-1.4068559999999999 50.924870000000006
-1.4068559999999999 50.92540400000001
-1.4068559999999999 50.92593800000001
-1.4068559999999999 50.92647200000001
-1.4068559999999999 50.92700600000001
-1.4068559999999999 50.927540000000015
-1.4068559999999999 50.92807400000002
-1.4068559999999999 50.92860800000002
-1.4068559999999999 50.92914200000002
-1.4068559999999999 50.92967600000002
-1.4068559999999999 50.930210000000024
-1.4068559999999999 50.930744000000026
-1.4068559999999999 50.93127800000003
-1.4068559999999999 50.93181200000003
-1.4068559999999999 50.93234600000003
-1.4068559999999999 50.93288000000003
-1.4068559999999999 50.933414000000035
-1.4068559999999999 50.933948000000036
-1.4068559999999999 50.93448200000004
-1.4068559999999999 50.93501600000004
-1.4068559999999999 50.93555000000004
-1.4068559999999999 50.936084000000044
-1.4068559999999999 50.936618000000045
-1.4068559999999999 50.93715200000005
-1.4068559999999999 50.93768600000005
-1.4068559999999999 50.93822000000005
-1.4068559999999999 50.93875400000005
-1.4068559999999999 50.939288000000055
-1.4068559999999999 50.939822000000056
-1.4068559999999999 50.94035600000006
-1.4068559999999999 50.94089000000006
-1.4068559999999999 50.94142400000006
-1.4068559999999999 50.941958000000064
-1.4068559999999999 50.942492000000065
-1.4068559999999999 50.94302600000007
-1.4068559999999999 50.94356000000007
-1.4068559999999999 50.94409400000007
-1.4068559999999999 50.94462800000007
-1.4068559999999999 50.945162000000074
-1.4068559999999999 50.945696000000076
-1.4068559999999999 50.94623000000008
-1.4068559999999999 50.94676400000008
-1.4068559999999999 50.94729800000008
-1.4068559999999999 50.94783200000008
-1.4068559999999999 50.948366000000085
-1.4059119999999998 50.9222
-1.4059119999999998 50.922734
-1.4059119999999998 50.923268
-1.4059119999999998 50.923802
-1.4059119999999998 50.924336000000004
-1.4059119999999998 50.924870000000006
-1.4059119999999998 50.92540400000001
-1.4059119999999998 50.92593800000001
-1.4059119999999998 50.92647200000001
-1.4059119999999998 50.92700600000001
-1.4059119999999998 50.927540000000015
-1.4059119999999998 50.92807400000002
-1.4059119999999998 50.92860800000002
-1.4059119999999998 50.92914200000002
-1.4059119999999998 50.92967600000002
-1.4059119999999998 50.930210000000024
-1.4059119999999998 50.930744000000026
-1.4059119999999998 50.93127800000003
-1.4059119999999998 50.93181200000003
-1.4059119999999998 50.93234600000003
-1.4059119999999998 50.93288000000003
-1.4059119999999998 50.933414000000035
-1.4059119999999998 50.933948000000036
-1.4059119999999998 50.93448200000004
-1.4059119999999998 50.93501600000004
-1.4059119999999998 50.93555000000004
-1.4059119999999998 50.936084000000044
-1.4059119999999998 50.936618000000045
-1.4059119999999998 50.93715200000005
-1.4059119999999998 50.93768600000005
-1.4059119999999998 50.93822000000005
-1.4059119999999998 50.93875400000005
-1.4059119999999998 50.939288000000055
-1.4059119999999998 50.939822000000056
-1.4059119999999998 50.94035600000006
-1.4059119999999998 50.94089000000006
-1.4059119999999998 50.94142400000006
-1.4059119999999998 50.941958000000064
-1.4059119999999998 50.942492000000065
-1.4059119999999998 50.94302600000007
-1.4059119999999998 50.94356000000007
-1.4059119999999998 50.94409400000007
-1.4059119999999998 50.94462800000007
-1.4059119999999998 50.945162000000074
-1.4059119999999998 50.945696000000076
-1.4059119999999998 50.94623000000008
-1.4059119999999998 50.94676400000008
-1.4059119999999998 50.94729800000008
-1.4059119999999998 50.94783200000008
-1.4059119999999998 50.948366000000085
-1.4049679999999998 50.9222
-1.4049679999999998 50.922734
-1.4049679999999998 50.923268
-1.4049679999999998 50.923802
-1.4049679999999998 50.924336000000004
-1.4049679999999998 50.924870000000006
-1.4049679999999998 50.92540400000001
-1.4049679999999998 50.92593800000001
-1.4049679999999998 50.92647200000001
-1.4049679999999998 50.92700600000001
-1.4049679999999998 50.927540000000015
-1.4049679999999998 50.92807400000002
-1.4049679999999998 50.92860800000002
-1.4049679999999998 50.92914200000002
-1.4049679999999998 50.92967600000002
-1.4049679999999998 50.930210000000024
-1.4049679999999998 50.930744000000026
-1.4049679999999998 50.93127800000003
-1.4049679999999998 50.93181200000003
-1.4049679999999998 50.93234600000003
-1.4049679999999998 50.93288000000003
-1.4049679999999998 50.933414000000035
-1.4049679999999998 50.933948000000036
-1.4049679999999998 50.93448200000004
-1.4049679999999998 50.93501600000004
-1.4049679999999998 50.93555000000004
-1.4049679999999998 50.936084000000044
-1.4049679999999998 50.936618000000045
-1.4049679999999998 50.93715200000005
-1.4049679999999998 50.93768600000005
-1.4049679999999998 50.93822000000005
-1.4049679999999998 50.93875400000005
-1.4049679999999998 50.939288000000055
-1.4049679999999998 50.939822000000056
-1.4049679999999998 50.94035600000006
-1.4049679999999998 50.94089000000006
-1.4049679999999998 50.94142400000006
-1.4049679999999998 50.941958000000064
-1.4049679999999998 50.942492000000065
-1.4049679999999998 50.94302600000007
-1.4049679999999998 50.94356000000007
-1.4049679999999998 50.94409400000007
-1.4049679999999998 50.94462800000007
-1.4049679999999998 50.945162000000074
-1.4049679999999998 50.945696000000076
-1.4049679999999998 50.94623000000008
-1.4049679999999998 50.94676400000008
-1.4049679999999998 50.94729800000008
-1.4049679999999998 50.94783200000008
-1.4049679999999998 50.948366000000085
-1.4040239999999997 50.9222
-1.4040239999999997 50.922734
-1.4040239999999997 50.923268
-1.4040239999999997 50.923802
-1.4040239999999997 50.924336000000004
-1.4040239999999997 50.924870000000006
-1.4040239999999997 50.92540400000001
-1.4040239999999997 50.92593800000001
-1.4040239999999997 50.92647200000001
-1.4040239999999997 50.92700600000001
-1.4040239999999997 50.927540000000015
-1.4040239999999997 50.92807400000002
-1.4040239999999997 50.92860800000002
-1.4040239999999997 50.92914200000002
-1.4040239999999997 50.92967600000002
-1.4040239999999997 50.930210000000024
-1.4040239999999997 50.930744000000026
-1.4040239999999997 50.93127800000003
-1.4040239999999997 50.93181200000003
-1.4040239999999997 50.93234600000003
-1.4040239999999997 50.93288000000003
-1.4040239999999997 50.933414000000035
-1.4040239999999997 50.933948000000036
-1.4040239999999997 50.93448200000004
-1.4040239999999997 50.93501600000004
-1.4040239999999997 50.93555000000004
-1.4040239999999997 50.936084000000044
-1.4040239999999997 50.936618000000045
-1.4040239999999997 50.93715200000005
-1.4040239999999997 50.93768600000005
-1.4040239999999997 50.93822000000005
-1.4040239999999997 50.93875400000005
-1.4040239999999997 50.939288000000055
-1.4040239999999997 50.939822000000056
-1.4040239999999997 50.94035600000006
-1.4040239999999997 50.94089000000006
-1.4040239999999997 50.94142400000006
-1.4040239999999997 50.941958000000064
-1.4040239999999997 50.942492000000065
-1.4040239999999997 50.94302600000007
-1.4040239999999997 50.94356000000007
-1.4040239999999997 50.94409400000007
-1.4040239999999997 50.94462800000007
-1.4040239999999997 50.945162000000074
-1.4040239999999997 50.945696000000076
-1.4040239999999997 50.94623000000008
-1.4040239999999997 50.94676400000008
-1.4040239999999997 50.94729800000008
-1.4040239999999997 50.94783200000008
-1.4040239999999997 50.948366000000085
-1.4030799999999997 50.9222
-1.4030799999999997 50.922734
-1.4030799999999997 50.923268
-1.4030799999999997 50.923802
-1.4030799999999997 50.924336000000004
-1.4030799999999997 50.924870000000006
-1.4030799999999997 50.92540400000001
-1.4030799999999997 50.92593800000001
-1.4030799999999997 50.92647200000001
-1.4030799999999997 50.92700600000001
-1.4030799999999997 50.927540000000015
-1.4030799999999997 50.92807400000002
-1.4030799999999997 50.92860800000002
-1.4030799999999997 50.92914200000002
-1.4030799999999997 50.92967600000002
-1.4030799999999997 50.930210000000024
-1.4030799999999997 50.930744000000026
-1.4030799999999997 50.93127800000003
-1.4030799999999997 50.93181200000003
-1.4030799999999997 50.93234600000003
-1.4030799999999997 50.93288000000003
-1.4030799999999997 50.933414000000035
-1.4030799999999997 50.933948000000036
-1.4030799999999997 50.93448200000004
-1.4030799999999997 50.93501600000004
-1.4030799999999997 50.93555000000004
-1.4030799999999997 50.936084000000044
-1.4030799999999997 50.936618000000045
-1.4030799999999997 50.93715200000005
-1.4030799999999997 50.93768600000005
-1.4030799999999997 50.93822000000005
-1.4030799999999997 50.93875400000005
-1.4030799999999997 50.939288000000055
-1.4030799999999997 50.939822000000056
-1.4030799999999997 50.94035600000006
-1.4030799999999997 50.94089000000006
-1.4030799999999997 50.94142400000006
-1.4030799999999997 50.941958000000064
-1.4030799999999997 50.942492000000065
-1.4030799999999997 50.94302600000007
-1.4030799999999997 50.94356000000007
-1.4030799999999997 50.94409400000007
-1.4030799999999997 50.94462800000007
-1.4030799999999997 50.945162000000074
-1.4030799999999997 50.945696000000076
-1.4030799999999997 50.94623000000008
-1.4030799999999997 50.94676400000008
-1.4030799999999997 50.94729800000008
-1.4030799999999997 50.94783200000008
-1.4030799999999997 50.948366000000085
-1.4021359999999996 50.9222
-1.4021359999999996 50.922734
-1.4021359999999996 50.923268
-1.4021359999999996 50.923802
-1.4021359999999996 50.924336000000004
-1.4021359999999996 50.924870000000006
-1.4021359999999996 50.92540400000001
-1.4021359999999996 50.92593800000001
-1.4021359999999996 50.92647200000001
-1.4021359999999996 50.92700600000001
-1.4021359999999996 50.927540000000015
-1.4021359999999996 50.92807400000002
-1.4021359999999996 50.92860800000002
-1.4021359999999996 50.92914200000002
-1.4021359999999996 50.92967600000002
-1.4021359999999996 50.930210000000024
-1.4021359999999996 50.930744000000026
-1.4021359999999996 50.93127800000003
-1.4021359999999996 50.93181200000003
-1.4021359999999996 50.93234600000003
-1.4021359999999996 50.93288000000003
-1.4021359999999996 50.933414000000035
-1.4021359999999996 50.933948000000036
-1.4021359999999996 50.93448200000004
-1.4021359999999996 50.93501600000004
-1.4021359999999996 50.93555000000004
-1.4021359999999996 50.936084000000044
-1.4021359999999996 50.936618000000045
-1.4021359999999996 50.93715200000005
-1.4021359999999996 50.93768600000005
-1.4021359999999996 50.93822000000005
-1.4021359999999996 50.93875400000005
-1.4021359999999996 50.939288000000055
-1.4021359999999996 50.939822000000056
-1.4021359999999996 50.94035600000006
-1.4021359999999996 50.94089000000006
-1.4021359999999996 50.94142400000006
-1.4021359999999996 50.941958000000064
-1.4021359999999996 50.942492000000065
-1.4021359999999996 50.94302600000007
-1.4021359999999996 50.94356000000007
-1.4021359999999996 50.94409400000007
-1.4021359999999996 50.94462800000007
-1.4021359999999996 50.945162000000074
-1.4021359999999996 50.945696000000076
-1.4021359999999996 50.94623000000008
-1.4021359999999996 50.94676400000008
-1.4021359999999996 50.94729800000008
-1.4021359999999996 50.94783200000008
-1.4021359999999996 50.948366000000085
-1.4011919999999995 50.9222
-1.4011919999999995 50.922734
-1.4011919999999995 50.923268
-1.4011919999999995 50.923802
-1.4011919999999995 50.924336000000004
-1.4011919999999995 50.924870000000006
-1.4011919999999995 50.92540400000001
-1.4011919999999995 50.92593800000001
-1.4011919999999995 50.92647200000001
-1.4011919999999995 50.92700600000001
-1.4011919999999995 50.927540000000015
-1.4011919999999995 50.92807400000002
-1.4011919999999995 50.92860800000002
-1.4011919999999995 50.92914200000002
-1.4011919999999995 50.92967600000002
-1.4011919999999995 50.930210000000024
-1.4011919999999995 50.930744000000026
-1.4011919999999995 50.93127800000003
-1.4011919999999995 50.93181200000003
-1.4011919999999995 50.93234600000003
-1.4011919999999995 50.93288000000003
-1.4011919999999995 50.933414000000035
-1.4011919999999995 50.933948000000036
-1.4011919999999995 50.93448200000004
-1.4011919999999995 50.93501600000004
-1.4011919999999995 50.93555000000004
-1.4011919999999995 50.936084000000044
-1.4011919999999995 50.936618000000045
-1.4011919999999995 50.93715200000005
-1.4011919999999995 50.93768600000005
-1.4011919999999995 50.93822000000005
-1.4011919999999995 50.93875400000005
-1.4011919999999995 50.939288000000055
-1.4011919999999995 50.939822000000056
-1.4011919999999995 50.94035600000006
-1.4011919999999995 50.94089000000006
-1.4011919999999995 50.94142400000006
-1.4011919999999995 50.941958000000064
-1.4011919999999995 50.942492000000065
-1.4011919999999995 50.94302600000007
-1.4011919999999995 50.94356000000007
-1.4011919999999995 50.94409400000007
-1.4011919999999995 50.94462800000007
-1.4011919999999995 50.945162000000074
-1.4011919999999995 50.945696000000076
-1.4011919999999995 50.94623000000008
-1.4011919999999995 50.94676400000008
-1.4011919999999995 50.94729800000008
-1.4011919999999995 50.94783200000008
-1.4011919999999995 50.948366000000085
-1.4002479999999995 50.9222
-1.4002479999999995 50.922734
-1.4002479999999995 50.923268
-1.4002479999999995 50.923802
-1.4002479999999995 50.924336000000004
-1.4002479999999995 50.924870000000006
-1.4002479999999995 50.92540400000001
-1.4002479999999995 50.92593800000001
-1.4002479999999995 50.92647200000001
-1.4002479999999995 50.92700600000001
-1.4002479999999995 50.927540000000015
-1.4002479999999995 50.92807400000002
-1.4002479999999995 50.92860800000002
-1.4002479999999995 50.92914200000002
-1.4002479999999995 50.92967600000002
-1.4002479999999995 50.930210000000024
-1.4002479999999995 50.930744000000026
-1.4002479999999995 50.93127800000003
-1.4002479999999995 50.93181200000003
-1.4002479999999995 50.93234600000003
-1.4002479999999995 50.93288000000003
-1.4002479999999995 50.933414000000035
-1.4002479999999995 50.933948000000036
-1.4002479999999995 50.93448200000004
-1.4002479999999995 50.93501600000004
-1.4002479999999995 50.93555000000004
-1.4002479999999995 50.936084000000044
-1.4002479999999995 50.936618000000045
-1.4002479999999995 50.93715200000005
-1.4002479999999995 50.93768600000005
-1.4002479999999995 50.93822000000005
-1.4002479999999995 50.93875400000005
-1.4002479999999995 50.939288000000055
-1.4002479999999995 50.939822000000056
-1.4002479999999995 50.94035600000006
-1.4002479999999995 50.94089000000006
-1.4002479999999995 50.94142400000006
-1.4002479999999995 50.941958000000064
-1.4002479999999995 50.942492000000065
-1.4002479999999995 50.94302600000007
-1.4002479999999995 50.94356000000007
-1.4002479999999995 50.94409400000007
-1.4002479999999995 50.94462800000007
-1.4002479999999995 50.945162000000074
-1.4002479999999995 50.945696000000076
-1.4002479999999995 50.94623000000008
-1.4002479999999995 50.94676400000008
-1.4002479999999995 50.94729800000008
-1.4002479999999995 50.94783200000008
-1.4002479999999995 50.948366000000085
-1.3993039999999994 50.9222
-1.3993039999999994 50.922734
-1.3993039999999994 50.923268
-1.3993039999999994 50.923802
-1.3993039999999994 50.924336000000004
-1.3993039999999994 50.924870000000006
-1.3993039999999994 50.92540400000001
-1.3993039999999994 50.92593800000001
-1.3993039999999994 50.92647200000001
-1.3993039999999994 50.92700600000001
-1.3993039999999994 50.927540000000015
-1.3993039999999994 50.92807400000002
-1.3993039999999994 50.92860800000002
-1.3993039999999994 50.92914200000002
-1.3993039999999994 50.92967600000002
-1.3993039999999994 50.930210000000024
-1.3993039999999994 50.930744000000026
-1.3993039999999994 50.93127800000003
-1.3993039999999994 50.93181200000003
-1.3993039999999994 50.93234600000003
-1.3993039999999994 50.93288000000003
-1.3993039999999994 50.933414000000035
-1.3993039999999994 50.933948000000036
-1.3993039999999994 50.93448200000004
-1.3993039999999994 50.93501600000004
-1.3993039999999994 50.93555000000004
-1.3993039999999994 50.936084000000044
-1.3993039999999994 50.936618000000045
-1.3993039999999994 50.93715200000005
-1.3993039999999994 50.93768600000005
-1.3993039999999994 50.93822000000005
-1.3993039999999994 50.93875400000005
-1.3993039999999994 50.939288000000055
-1.3993039999999994 50.939822000000056
-1.3993039999999994 50.94035600000006
-1.3993039999999994 50.94089000000006
-1.3993039999999994 50.94142400000006
-1.3993039999999994 50.941958000000064
-1.3993039999999994 50.942492000000065
-1.3993039999999994 50.94302600000007
-1.3993039999999994 50.94356000000007
-1.3993039999999994 50.94409400000007
-1.3993039999999994 50.94462800000007
-1.3993039999999994 50.945162000000074
-1.3993039999999994 50.945696000000076
-1.3993039999999994 50.94623000000008
-1.3993039999999994 50.94676400000008
-1.3993039999999994 50.94729800000008
-1.3993039999999994 50.94783200000008
-1.3993039999999994 50.948366000000085
-1.3983599999999994 50.9222
-1.3983599999999994 50.922734
-1.3983599999999994 50.923268
-1.3983599999999994 50.923802
-1.3983599999999994 50.924336000000004
-1.3983599999999994 50.924870000000006
-1.3983599999999994 50.92540400000001
-1.3983599999999994 50.92593800000001
-1.3983599999999994 50.92647200000001
-1.3983599999999994 50.92700600000001
-1.3983599999999994 50.927540000000015
-1.3983599999999994 50.92807400000002
-1.3983599999999994 50.92860800000002
-1.3983599999999994 50.92914200000002
-1.3983599999999994 50.92967600000002
-1.3983599999999994 50.930210000000024
-1.3983599999999994 50.930744000000026
-1.3983599999999994 50.93127800000003
-1.3983599999999994 50.93181200000003
-1.3983599999999994 50.93234600000003
-1.3983599999999994 50.93288000000003
-1.3983599999999994 50.933414000000035
-1.3983599999999994 50.933948000000036
-1.3983599999999994 50.93448200000004
-1.3983599999999994 50.93501600000004
-1.3983599999999994 50.93555000000004
-1.3983599999999994 50.936084000000044
-1.3983599999999994 50.936618000000045
-1.3983599999999994 50.93715200000005
-1.3983599999999994 50.93768600000005
-1.3983599999999994 50.93822000000005
-1.3983599999999994 50.93875400000005
-1.3983599999999994 50.939288000000055
-1.3983599999999994 50.939822000000056
-1.3983599999999994 50.94035600000006
-1.3983599999999994 50.94089000000006
-1.3983599999999994 50.94142400000006
-1.3983599999999994 50.941958000000064
-1.3983599999999994 50.942492000000065
-1.3983599999999994 50.94302600000007
-1.3983599999999994 50.94356000000007
-1.3983599999999994 50.94409400000007
-1.3983599999999994 50.94462800000007
-1.3983599999999994 50.945162000000074
-1.3983599999999994 50.945696000000076
-1.3983599999999994 50.94623000000008
-1.3983599999999994 50.94676400000008
-1.3983599999999994 50.94729800000008
-1.3983599999999994 50.94783200000008
-1.3983599999999994 50.948366000000085
-1.3974159999999993 50.9222
-1.3974159999999993 50.922734
-1.3974159999999993 50.923268
-1.3974159999999993 50.923802
-1.3974159999999993 50.924336000000004
-1.3974159999999993 50.924870000000006
-1.3974159999999993 50.92540400000001
-1.3974159999999993 50.92593800000001
-1.3974159999999993 50.92647200000001
-1.3974159999999993 50.92700600000001
-1.3974159999999993 50.927540000000015
-1.3974159999999993 50.92807400000002
-1.3974159999999993 50.92860800000002
-1.3974159999999993 50.92914200000002
-1.3974159999999993 50.92967600000002
-1.3974159999999993 50.930210000000024
-1.3974159999999993 50.930744000000026
-1.3974159999999993 50.93127800000003
-1.3974159999999993 50.93181200000003
-1.3974159999999993 50.93234600000003
-1.3974159999999993 50.93288000000003
-1.3974159999999993 50.933414000000035
-1.3974159999999993 50.933948000000036
-1.3974159999999993 50.93448200000004
-1.3974159999999993 50.93501600000004
-1.3974159999999993 50.93555000000004
-1.3974159999999993 50.936084000000044
-1.3974159999999993 50.936618000000045
-1.3974159999999993 50.93715200000005
-1.3974159999999993 50.93768600000005
-1.3974159999999993 50.93822000000005
-1.3974159999999993 50.93875400000005
-1.3974159999999993 50.939288000000055
-1.3974159999999993 50.939822000000056
-1.3974159999999993 50.94035600000006
-1.3974159999999993 50.94089000000006
-1.3974159999999993 50.94142400000006
-1.3974159999999993 50.941958000000064
-1.3974159999999993 50.942492000000065
-1.3974159999999993 50.94302600000007
-1.3974159999999993 50.94356000000007
-1.3974159999999993 50.94409400000007
-1.3974159999999993 50.94462800000007
-1.3974159999999993 50.945162000000074
-1.3974159999999993 50.945696000000076
-1.3974159999999993 50.94623000000008
-1.3974159999999993 50.94676400000008
-1.3974159999999993 50.94729800000008
-1.3974159999999993 50.94783200000008
-1.3974159999999993 50.948366000000085
-1.3964719999999993 50.9222
-1.3964719999999993 50.922734
-1.3964719999999993 50.923268
-1.3964719999999993 50.923802
-1.3964719999999993 50.924336000000004
-1.3964719999999993 50.924870000000006
-1.3964719999999993 50.92540400000001
-1.3964719999999993 50.92593800000001
-1.3964719999999993 50.92647200000001
-1.3964719999999993 50.92700600000001
-1.3964719999999993 50.927540000000015
-1.3964719999999993 50.92807400000002
-1.3964719999999993 50.92860800000002
-1.3964719999999993 50.92914200000002
-1.3964719999999993 50.92967600000002
-1.3964719999999993 50.930210000000024
-1.3964719999999993 50.930744000000026
-1.3964719999999993 50.93127800000003
-1.3964719999999993 50.93181200000003
-1.3964719999999993 50.93234600000003
-1.3964719999999993 50.93288000000003
-1.3964719999999993 50.933414000000035
-1.3964719999999993 50.933948000000036
-1.3964719999999993 50.93448200000004
-1.3964719999999993 50.93501600000004
-1.3964719999999993 50.93555000000004
-1.3964719999999993 50.936084000000044
-1.3964719999999993 50.936618000000045
-1.3964719999999993 50.93715200000005
-1.3964719999999993 50.93768600000005
-1.3964719999999993 50.93822000000005
-1.3964719999999993 50.93875400000005
-1.3964719999999993 50.939288000000055
-1.3964719999999993 50.939822000000056
-1.3964719999999993 50.94035600000006
-1.3964719999999993 50.94089000000006
-1.3964719999999993 50.94142400000006
-1.3964719999999993 50.941958000000064
-1.3964719999999993 50.942492000000065
-1.3964719999999993 50.94302600000007
-1.3964719999999993 50.94356000000007
-1.3964719999999993 50.94409400000007
-1.3964719999999993 50.94462800000007
-1.3964719999999993 50.945162000000074
-1.3964719999999993 50.945696000000076
-1.3964719999999993 50.94623000000008
-1.3964719999999993 50.94676400000008
-1.3964719999999993 50.94729800000008
-1.3964719999999993 50.94783200000008
-1.3964719999999993 50.948366000000085
-1.3955279999999992 50.9222
-1.3955279999999992 50.922734
-1.3955279999999992 50.923268
-1.3955279999999992 50.923802
-1.3955279999999992 50.924336000000004
-1.3955279999999992 50.924870000000006
-1.3955279999999992 50.92540400000001
-1.3955279999999992 50.92593800000001
-1.3955279999999992 50.92647200000001
-1.3955279999999992 50.92700600000001
-1.3955279999999992 50.927540000000015
-1.3955279999999992 50.92807400000002
-1.3955279999999992 50.92860800000002
-1.3955279999999992 50.92914200000002
-1.3955279999999992 50.92967600000002
-1.3955279999999992 50.930210000000024
-1.3955279999999992 50.930744000000026
-1.3955279999999992 50.93127800000003
-1.3955279999999992 50.93181200000003
-1.3955279999999992 50.93234600000003
-1.3955279999999992 50.93288000000003
-1.3955279999999992 50.933414000000035
-1.3955279999999992 50.933948000000036
-1.3955279999999992 50.93448200000004
-1.3955279999999992 50.93501600000004
-1.3955279999999992 50.93555000000004
-1.3955279999999992 50.936084000000044
-1.3955279999999992 50.936618000000045
-1.3955279999999992 50.93715200000005
-1.3955279999999992 50.93768600000005
-1.3955279999999992 50.93822000000005
-1.3955279999999992 50.93875400000005
-1.3955279999999992 50.939288000000055
-1.3955279999999992 50.939822000000056
-1.3955279999999992 50.94035600000006
-1.3955279999999992 50.94089000000006
-1.3955279999999992 50.94142400000006
-1.3955279999999992 50.941958000000064
-1.3955279999999992 50.942492000000065
-1.3955279999999992 50.94302600000007
-1.3955279999999992 50.94356000000007
-1.3955279999999992 50.94409400000007
-1.3955279999999992 50.94462800000007
-1.3955279999999992 50.945162000000074
-1.3955279999999992 50.945696000000076
-1.3955279999999992 50.94623000000008
-1.3955279999999992 50.94676400000008
-1.3955279999999992 50.94729800000008
-1.3955279999999992 50.94783200000008
-1.3955279999999992 50.948366000000085
-1.3945839999999992 50.9222
-1.3945839999999992 50.922734
-1.3945839999999992 50.923268
-1.3945839999999992 50.923802
-1.3945839999999992 50.924336000000004
-1.3945839999999992 50.924870000000006
-1.3945839999999992 50.92540400000001
-1.3945839999999992 50.92593800000001
-1.3945839999999992 50.92647200000001
-1.3945839999999992 50.92700600000001
-1.3945839999999992 50.927540000000015
-1.3945839999999992 50.92807400000002
-1.3945839999999992 50.92860800000002
-1.3945839999999992 50.92914200000002
-1.3945839999999992 50.92967600000002
-1.3945839999999992 50.930210000000024
-1.3945839999999992 50.930744000000026
-1.3945839999999992 50.93127800000003
-1.3945839999999992 50.93181200000003
-1.3945839999999992 50.93234600000003
-1.3945839999999992 50.93288000000003
-1.3945839999999992 50.933414000000035
-1.3945839999999992 50.933948000000036
-1.3945839999999992 50.93448200000004
-1.3945839999999992 50.93501600000004
-1.3945839999999992 50.93555000000004
-1.3945839999999992 50.936084000000044
-1.3945839999999992 50.936618000000045
-1.3945839999999992 50.93715200000005
-1.3945839999999992 50.93768600000005
-1.3945839999999992 50.93822000000005
-1.3945839999999992 50.93875400000005
-1.3945839999999992 50.939288000000055
-1.3945839999999992 50.939822000000056
-1.3945839999999992 50.94035600000006
-1.3945839999999992 50.94089000000006
-1.3945839999999992 50.94142400000006
-1.3945839999999992 50.941958000000064
-1.3945839999999992 50.942492000000065
-1.3945839999999992 50.94302600000007
-1.3945839999999992 50.94356000000007
-1.3945839999999992 50.94409400000007
-1.3945839999999992 50.94462800000007
-1.3945839999999992 50.945162000000074
-1.3945839999999992 50.945696000000076
-1.3945839999999992 50.94623000000008
-1.3945839999999992 50.94676400000008
-1.3945839999999992 50.94729800000008
-1.3945839999999992 50.94783200000008
-1.3945839999999992 50.948366000000085
-1.393639999999999 50.9222
-1.393639999999999 50.922734
-1.393639999999999 50.923268
-1.393639999999999 50.923802
-1.393639999999999 50.924336000000004
-1.393639999999999 50.924870000000006
-1.393639999999999 50.92540400000001
-1.393639999999999 50.92593800000001
-1.393639999999999 50.92647200000001
-1.393639999999999 50.92700600000001
-1.393639999999999 50.927540000000015
-1.393639999999999 50.92807400000002
-1.393639999999999 50.92860800000002
-1.393639999999999 50.92914200000002
-1.393639999999999 50.92967600000002
-1.393639999999999 50.930210000000024
-1.393639999999999 50.930744000000026
-1.393639999999999 50.93127800000003
-1.393639999999999 50.93181200000003
-1.393639999999999 50.93234600000003
-1.393639999999999 50.93288000000003
-1.393639999999999 50.933414000000035
-1.393639999999999 50.933948000000036
-1.393639999999999 50.93448200000004
-1.393639999999999 50.93501600000004
-1.393639999999999 50.93555000000004
-1.393639999999999 50.936084000000044
-1.393639999999999 50.936618000000045
-1.393639999999999 50.93715200000005
-1.393639999999999 50.93768600000005
-1.393639999999999 50.93822000000005
-1.393639999999999 50.93875400000005
-1.393639999999999 50.939288000000055
-1.393639999999999 50.939822000000056
-1.393639999999999 50.94035600000006
-1.393639999999999 50.94089000000006
-1.393639999999999 50.94142400000006
-1.393639999999999 50.941958000000064
-1.393639999999999 50.942492000000065
-1.393639999999999 50.94302600000007
-1.393639999999999 50.94356000000007
-1.393639999999999 50.94409400000007
-1.393639999999999 50.94462800000007
-1.393639999999999 50.945162000000074
-1.393639999999999 50.945696000000076
-1.393639999999999 50.94623000000008
-1.393639999999999 50.94676400000008
-1.393639999999999 50.94729800000008
-1.393639999999999 50.94783200000008
-1.393639999999999 50.948366000000085
-1.392695999999999 50.9222
-1.392695999999999 50.922734
-1.392695999999999 50.923268
-1.392695999999999 50.923802
-1.392695999999999 50.924336000000004
-1.392695999999999 50.924870000000006
-1.392695999999999 50.92540400000001
-1.392695999999999 50.92593800000001
-1.392695999999999 50.92647200000001
-1.392695999999999 50.92700600000001
-1.392695999999999 50.927540000000015
-1.392695999999999 50.92807400000002
-1.392695999999999 50.92860800000002
-1.392695999999999 50.92914200000002
-1.392695999999999 50.92967600000002
-1.392695999999999 50.930210000000024
-1.392695999999999 50.930744000000026
-1.392695999999999 50.93127800000003
-1.392695999999999 50.93181200000003
-1.392695999999999 50.93234600000003
-1.392695999999999 50.93288000000003
-1.392695999999999 50.933414000000035
-1.392695999999999 50.933948000000036
-1.392695999999999 50.93448200000004
-1.392695999999999 50.93501600000004
-1.392695999999999 50.93555000000004
-1.392695999999999 50.936084000000044
-1.392695999999999 50.936618000000045
-1.392695999999999 50.93715200000005
-1.392695999999999 50.93768600000005
-1.392695999999999 50.93822000000005
-1.392695999999999 50.93875400000005
-1.392695999999999 50.939288000000055
-1.392695999999999 50.939822000000056
-1.392695999999999 50.94035600000006
-1.392695999999999 50.94089000000006
-1.392695999999999 50.94142400000006
-1.392695999999999 50.941958000000064
-1.392695999999999 50.942492000000065
-1.392695999999999 50.94302600000007
-1.392695999999999 50.94356000000007
-1.392695999999999 50.94409400000007
-1.392695999999999 50.94462800000007
-1.392695999999999 50.945162000000074
-1.392695999999999 50.945696000000076
-1.392695999999999 50.94623000000008
-1.392695999999999 50.94676400000008
-1.392695999999999 50.94729800000008
-1.392695999999999 50.94783200000008
-1.392695999999999 50.948366000000085
-1.391751999999999 50.9222
-1.391751999999999 50.922734
-1.391751999999999 50.923268
-1.391751999999999 50.923802
-1.391751999999999 50.924336000000004
-1.391751999999999 50.924870000000006
-1.391751999999999 50.92540400000001
-1.391751999999999 50.92593800000001
-1.391751999999999 50.92647200000001
-1.391751999999999 50.92700600000001
-1.391751999999999 50.927540000000015
-1.391751999999999 50.92807400000002
-1.391751999999999 50.92860800000002
-1.391751999999999 50.92914200000002
-1.391751999999999 50.92967600000002
-1.391751999999999 50.930210000000024
-1.391751999999999 50.930744000000026
-1.391751999999999 50.93127800000003
-1.391751999999999 50.93181200000003
-1.391751999999999 50.93234600000003
-1.391751999999999 50.93288000000003
-1.391751999999999 50.933414000000035
-1.391751999999999 50.933948000000036
-1.391751999999999 50.93448200000004
-1.391751999999999 50.93501600000004
-1.391751999999999 50.93555000000004
-1.391751999999999 50.936084000000044
-1.391751999999999 50.936618000000045
-1.391751999999999 50.93715200000005
-1.391751999999999 50.93768600000005
-1.391751999999999 50.93822000000005
-1.391751999999999 50.93875400000005
-1.391751999999999 50.939288000000055
-1.391751999999999 50.939822000000056
-1.391751999999999 50.94035600000006
-1.391751999999999 50.94089000000006
-1.391751999999999 50.94142400000006
-1.391751999999999 50.941958000000064
-1.391751999999999 50.942492000000065
-1.391751999999999 50.94302600000007
-1.391751999999999 50.94356000000007
-1.391751999999999 50.94409400000007
-1.391751999999999 50.94462800000007
-1.391751999999999 50.945162000000074
-1.391751999999999 50.945696000000076
-1.391751999999999 50.94623000000008
-1.391751999999999 50.94676400000008
-1.391751999999999 50.94729800000008
-1.391751999999999 50.94783200000008
-1.391751999999999 50.948366000000085
-1.390807999999999 50.9222
-1.390807999999999 50.922734
-1.390807999999999 50.923268
-1.390807999999999 50.923802
-1.390807999999999 50.924336000000004
-1.390807999999999 50.924870000000006
-1.390807999999999 50.92540400000001
-1.390807999999999 50.92593800000001
-1.390807999999999 50.92647200000001
-1.390807999999999 50.92700600000001
-1.390807999999999 50.927540000000015
-1.390807999999999 50.92807400000002
-1.390807999999999 50.92860800000002
-1.390807999999999 50.92914200000002
-1.390807999999999 50.92967600000002
-1.390807999999999 50.930210000000024
-1.390807999999999 50.930744000000026
-1.390807999999999 50.93127800000003
-1.390807999999999 50.93181200000003
-1.390807999999999 50.93234600000003
-1.390807999999999 50.93288000000003
-1.390807999999999 50.933414000000035
-1.390807999999999 50.933948000000036
-1.390807999999999 50.93448200000004
-1.390807999999999 50.93501600000004
-1.390807999999999 50.93555000000004
-1.390807999999999 50.936084000000044
-1.390807999999999 50.936618000000045
-1.390807999999999 50.93715200000005
-1.390807999999999 50.93768600000005
-1.390807999999999 50.93822000000005
-1.390807999999999 50.93875400000005
-1.390807999999999 50.939288000000055
-1.390807999999999 50.939822000000056
-1.390807999999999 50.94035600000006
-1.390807999999999 50.94089000000006
-1.390807999999999 50.94142400000006
-1.390807999999999 50.941958000000064
-1.390807999999999 50.942492000000065
-1.390807999999999 50.94302600000007
-1.390807999999999 50.94356000000007
-1.390807999999999 50.94409400000007
-1.390807999999999 50.94462800000007
-1.390807999999999 50.945162000000074
-1.390807999999999 50.945696000000076
-1.390807999999999 50.94623000000008
-1.390807999999999 50.94676400000008
-1.390807999999999 50.94729800000008
-1.390807999999999 50.94783200000008
-1.390807999999999 50.948366000000085
-1.3898639999999989 50.9222
-1.3898639999999989 50.922734
-1.3898639999999989 50.923268
-1.3898639999999989 50.923802
-1.3898639999999989 50.924336000000004
-1.3898639999999989 50.924870000000006
-1.3898639999999989 50.92540400000001
-1.3898639999999989 50.92593800000001
-1.3898639999999989 50.92647200000001
-1.3898639999999989 50.92700600000001
-1.3898639999999989 50.927540000000015
-1.3898639999999989 50.92807400000002
-1.3898639999999989 50.92860800000002
-1.3898639999999989 50.92914200000002
-1.3898639999999989 50.92967600000002
-1.3898639999999989 50.930210000000024
-1.3898639999999989 50.930744000000026
-1.3898639999999989 50.93127800000003
-1.3898639999999989 50.93181200000003
-1.3898639999999989 50.93234600000003
-1.3898639999999989 50.93288000000003
-1.3898639999999989 50.933414000000035
-1.3898639999999989 50.933948000000036
-1.3898639999999989 50.93448200000004
-1.3898639999999989 50.93501600000004
-1.3898639999999989 50.93555000000004
-1.3898639999999989 50.936084000000044
-1.3898639999999989 50.936618000000045
-1.3898639999999989 50.93715200000005
-1.3898639999999989 50.93768600000005
-1.3898639999999989 50.93822000000005
-1.3898639999999989 50.93875400000005
-1.3898639999999989 50.939288000000055
-1.3898639999999989 50.939822000000056
-1.3898639999999989 50.94035600000006
-1.3898639999999989 50.94089000000006
-1.3898639999999989 50.94142400000006
-1.3898639999999989 50.941958000000064
-1.3898639999999989 50.942492000000065
-1.3898639999999989 50.94302600000007
-1.3898639999999989 50.94356000000007
-1.3898639999999989 50.94409400000007
-1.3898639999999989 50.94462800000007
-1.3898639999999989 50.945162000000074
-1.3898639999999989 50.945696000000076
-1.3898639999999989 50.94623000000008
-1.3898639999999989 50.94676400000008
-1.3898639999999989 50.94729800000008
-1.3898639999999989 50.94783200000008
-1.3898639999999989 50.948366000000085
-1.3889199999999988 50.9222
-1.3889199999999988 50.922734
-1.3889199999999988 50.923268
-1.3889199999999988 50.923802
-1.3889199999999988 50.924336000000004
-1.3889199999999988 50.924870000000006
-1.3889199999999988 50.92540400000001
-1.3889199999999988 50.92593800000001
-1.3889199999999988 50.92647200000001
-1.3889199999999988 50.92700600000001
-1.3889199999999988 50.927540000000015
-1.3889199999999988 50.92807400000002
-1.3889199999999988 50.92860800000002
-1.3889199999999988 50.92914200000002
-1.3889199999999988 50.92967600000002
-1.3889199999999988 50.930210000000024
-1.3889199999999988 50.930744000000026
-1.3889199999999988 50.93127800000003
-1.3889199999999988 50.93181200000003
-1.3889199999999988 50.93234600000003
-1.3889199999999988 50.93288000000003
-1.3889199999999988 50.933414000000035
-1.3889199999999988 50.933948000000036
-1.3889199999999988 50.93448200000004
-1.3889199999999988 50.93501600000004
-1.3889199999999988 50.93555000000004
-1.3889199999999988 50.936084000000044
-1.3889199999999988 50.936618000000045
-1.3889199999999988 50.93715200000005
-1.3889199999999988 50.93768600000005
-1.3889199999999988 50.93822000000005
-1.3889199999999988 50.93875400000005
-1.3889199999999988 50.939288000000055
-1.3889199999999988 50.939822000000056
-1.3889199999999988 50.94035600000006
-1.3889199999999988 50.94089000000006
-1.3889199999999988 50.94142400000006
-1.3889199999999988 50.941958000000064
-1.3889199999999988 50.942492000000065
-1.3889199999999988 50.94302600000007
-1.3889199999999988 50.94356000000007
-1.3889199999999988 50.94409400000007
-1.3889199999999988 50.94462800000007
-1.3889199999999988 50.945162000000074
-1.3889199999999988 50.945696000000076
-1.3889199999999988 50.94623000000008
-1.3889199999999988 50.94676400000008
-1.3889199999999988 50.94729800000008
-1.3889199999999988 50.94783200000008
-1.3889199999999988 50.948366000000085
-1.3879759999999988 50.9222
-1.3879759999999988 50.922734
-1.3879759999999988 50.923268
-1.3879759999999988 50.923802
-1.3879759999999988 50.924336000000004
-1.3879759999999988 50.924870000000006
-1.3879759999999988 50.92540400000001
-1.3879759999999988 50.92593800000001
-1.3879759999999988 50.92647200000001
-1.3879759999999988 50.92700600000001
-1.3879759999999988 50.927540000000015
-1.3879759999999988 50.92807400000002
-1.3879759999999988 50.92860800000002
-1.3879759999999988 50.92914200000002
-1.3879759999999988 50.92967600000002
-1.3879759999999988 50.930210000000024
-1.3879759999999988 50.930744000000026
-1.3879759999999988 50.93127800000003
-1.3879759999999988 50.93181200000003
-1.3879759999999988 50.93234600000003
-1.3879759999999988 50.93288000000003
-1.3879759999999988 50.933414000000035
-1.3879759999999988 50.933948000000036
-1.3879759999999988 50.93448200000004
-1.3879759999999988 50.93501600000004
-1.3879759999999988 50.93555000000004
-1.3879759999999988 50.936084000000044
-1.3879759999999988 50.936618000000045
-1.3879759999999988 50.93715200000005
-1.3879759999999988 50.93768600000005
-1.3879759999999988 50.93822000000005
-1.3879759999999988 50.93875400000005
-1.3879759999999988 50.939288000000055
-1.3879759999999988 50.939822000000056
-1.3879759999999988 50.94035600000006
-1.3879759999999988 50.94089000000006
-1.3879759999999988 50.94142400000006
-1.3879759999999988 50.941958000000064
-1.3879759999999988 50.942492000000065
-1.3879759999999988 50.94302600000007
-1.3879759999999988 50.94356000000007
-1.3879759999999988 50.94409400000007
-1.3879759999999988 50.94462800000007
-1.3879759999999988 50.945162000000074
-1.3879759999999988 50.945696000000076
-1.3879759999999988 50.94623000000008
-1.3879759999999988 50.94676400000008
-1.3879759999999988 50.94729800000008
-1.3879759999999988 50.94783200000008
-1.3879759999999988 50.948366000000085
-1.3870319999999987 50.9222
-1.3870319999999987 50.922734
-1.3870319999999987 50.923268
-1.3870319999999987 50.923802
-1.3870319999999987 50.924336000000004
-1.3870319999999987 50.924870000000006
-1.3870319999999987 50.92540400000001
-1.3870319999999987 50.92593800000001
-1.3870319999999987 50.92647200000001
-1.3870319999999987 50.92700600000001
-1.3870319999999987 50.927540000000015
-1.3870319999999987 50.92807400000002
-1.3870319999999987 50.92860800000002
-1.3870319999999987 50.92914200000002
-1.3870319999999987 50.92967600000002
-1.3870319999999987 50.930210000000024
-1.3870319999999987 50.930744000000026
-1.3870319999999987 50.93127800000003
-1.3870319999999987 50.93181200000003
-1.3870319999999987 50.93234600000003
-1.3870319999999987 50.93288000000003
-1.3870319999999987 50.933414000000035
-1.3870319999999987 50.933948000000036
-1.3870319999999987 50.93448200000004
-1.3870319999999987 50.93501600000004
-1.3870319999999987 50.93555000000004
-1.3870319999999987 50.936084000000044
-1.3870319999999987 50.936618000000045
-1.3870319999999987 50.93715200000005
-1.3870319999999987 50.93768600000005
-1.3870319999999987 50.93822000000005
-1.3870319999999987 50.93875400000005
-1.3870319999999987 50.939288000000055
-1.3870319999999987 50.939822000000056
-1.3870319999999987 50.94035600000006
-1.3870319999999987 50.94089000000006
-1.3870319999999987 50.94142400000006
-1.3870319999999987 50.941958000000064
-1.3870319999999987 50.942492000000065
-1.3870319999999987 50.94302600000007
-1.3870319999999987 50.94356000000007
-1.3870319999999987 50.94409400000007
-1.3870319999999987 50.94462800000007
-1.3870319999999987 50.945162000000074
-1.3870319999999987 50.945696000000076
-1.3870319999999987 50.94623000000008
-1.3870319999999987 50.94676400000008
-1.3870319999999987 50.94729800000008
-1.3870319999999987 50.94783200000008
-1.3870319999999987 50.948366000000085
-1.3860879999999987 50.9222
-1.3860879999999987 50.922734
-1.3860879999999987 50.923268
-1.3860879999999987 50.923802
-1.3860879999999987 50.924336000000004
-1.3860879999999987 50.924870000000006
-1.3860879999999987 50.92540400000001
-1.3860879999999987 50.92593800000001
-1.3860879999999987 50.92647200000001
-1.3860879999999987 50.92700600000001
-1.3860879999999987 50.927540000000015
-1.3860879999999987 50.92807400000002
-1.3860879999999987 50.92860800000002
-1.3860879999999987 50.92914200000002
-1.3860879999999987 50.92967600000002
-1.3860879999999987 50.930210000000024
-1.3860879999999987 50.930744000000026
-1.3860879999999987 50.93127800000003
-1.3860879999999987 50.93181200000003
-1.3860879999999987 50.93234600000003
-1.3860879999999987 50.93288000000003
-1.3860879999999987 50.933414000000035
-1.3860879999999987 50.933948000000036
-1.3860879999999987 50.93448200000004
-1.3860879999999987 50.93501600000004
-1.3860879999999987 50.93555000000004
-1.3860879999999987 50.936084000000044
-1.3860879999999987 50.936618000000045
-1.3860879999999987 50.93715200000005
-1.3860879999999987 50.93768600000005
-1.3860879999999987 50.93822000000005
-1.3860879999999987 50.93875400000005
-1.3860879999999987 50.939288000000055
-1.3860879999999987 50.939822000000056
-1.3860879999999987 50.94035600000006
-1.3860879999999987 50.94089000000006
-1.3860879999999987 50.94142400000006
-1.3860879999999987 50.941958000000064
-1.3860879999999987 50.942492000000065
-1.3860879999999987 50.94302600000007
-1.3860879999999987 50.94356000000007
-1.3860879999999987 50.94409400000007
-1.3860879999999987 50.94462800000007
-1.3860879999999987 50.945162000000074
-1.3860879999999987 50.945696000000076
-1.3860879999999987 50.94623000000008
-1.3860879999999987 50.94676400000008
-1.3860879999999987 50.94729800000008
-1.3860879999999987 50.94783200000008
-1.3860879999999987 50.948366000000085
-1.3851439999999986 50.9222
-1.3851439999999986 50.922734
-1.3851439999999986 50.923268
-1.3851439999999986 50.923802
-1.3851439999999986 50.924336000000004
-1.3851439999999986 50.924870000000006
-1.3851439999999986 50.92540400000001
-1.3851439999999986 50.92593800000001
-1.3851439999999986 50.92647200000001
-1.3851439999999986 50.92700600000001
-1.3851439999999986 50.927540000000015
-1.3851439999999986 50.92807400000002
-1.3851439999999986 50.92860800000002
-1.3851439999999986 50.92914200000002
-1.3851439999999986 50.92967600000002
-1.3851439999999986 50.930210000000024
-1.3851439999999986 50.930744000000026
-1.3851439999999986 50.93127800000003
-1.3851439999999986 50.93181200000003
-1.3851439999999986 50.93234600000003
-1.3851439999999986 50.93288000000003
-1.3851439999999986 50.933414000000035
-1.3851439999999986 50.933948000000036
-1.3851439999999986 50.93448200000004
-1.3851439999999986 50.93501600000004
-1.3851439999999986 50.93555000000004
-1.3851439999999986 50.936084000000044
-1.3851439999999986 50.936618000000045
-1.3851439999999986 50.93715200000005
-1.3851439999999986 50.93768600000005
-1.3851439999999986 50.93822000000005
-1.3851439999999986 50.93875400000005
-1.3851439999999986 50.939288000000055
-1.3851439999999986 50.939822000000056
-1.3851439999999986 50.94035600000006
-1.3851439999999986 50.94089000000006
-1.3851439999999986 50.94142400000006
-1.3851439999999986 50.941958000000064
-1.3851439999999986 50.942492000000065
-1.3851439999999986 50.94302600000007
-1.3851439999999986 50.94356000000007
-1.3851439999999986 50.94409400000007
-1.3851439999999986 50.94462800000007
-1.3851439999999986 50.945162000000074
-1.3851439999999986 50.945696000000076
-1.3851439999999986 50.94623000000008
-1.3851439999999986 50.94676400000008
-1.3851439999999986 50.94729800000008
-1.3851439999999986 50.94783200000008
-1.3851439999999986 50.948366000000085
-1.3841999999999985 50.9222
-1.3841999999999985 50.922734
-1.3841999999999985 50.923268
-1.3841999999999985 50.923802
-1.3841999999999985 50.924336000000004
-1.3841999999999985 50.924870000000006
-1.3841999999999985 50.92540400000001
-1.3841999999999985 50.92593800000001
-1.3841999999999985 50.92647200000001
-1.3841999999999985 50.92700600000001
-1.3841999999999985 50.927540000000015
-1.3841999999999985 50.92807400000002
-1.3841999999999985 50.92860800000002
-1.3841999999999985 50.92914200000002
-1.3841999999999985 50.92967600000002
-1.3841999999999985 50.930210000000024
-1.3841999999999985 50.930744000000026
-1.3841999999999985 50.93127800000003
-1.3841999999999985 50.93181200000003
-1.3841999999999985 50.93234600000003
-1.3841999999999985 50.93288000000003
-1.3841999999999985 50.933414000000035
-1.3841999999999985 50.933948000000036
-1.3841999999999985 50.93448200000004
-1.3841999999999985 50.93501600000004
-1.3841999999999985 50.93555000000004
-1.3841999999999985 50.936084000000044
-1.3841999999999985 50.936618000000045
-1.3841999999999985 50.93715200000005
-1.3841999999999985 50.93768600000005
-1.3841999999999985 50.93822000000005
-1.3841999999999985 50.93875400000005
-1.3841999999999985 50.939288000000055
-1.3841999999999985 50.939822000000056
-1.3841999999999985 50.94035600000006
-1.3841999999999985 50.94089000000006
-1.3841999999999985 50.94142400000006
-1.3841999999999985 50.941958000000064
-1.3841999999999985 50.942492000000065
-1.3841999999999985 50.94302600000007
-1.3841999999999985 50.94356000000007
-1.3841999999999985 50.94409400000007
-1.3841999999999985 50.94462800000007
-1.3841999999999985 50.945162000000074
-1.3841999999999985 50.945696000000076
-1.3841999999999985 50.94623000000008
-1.3841999999999985 50.94676400000008
-1.3841999999999985 50.94729800000008
-1.3841999999999985 50.94783200000008
-1.3841999999999985 50.948366000000085
-1.3832559999999985 50.9222
-1.3832559999999985 50.922734
-1.3832559999999985 50.923268
-1.3832559999999985 50.923802
-1.3832559999999985 50.924336000000004
-1.3832559999999985 50.924870000000006
-1.3832559999999985 50.92540400000001
-1.3832559999999985 50.92593800000001
-1.3832559999999985 50.92647200000001
-1.3832559999999985 50.92700600000001
-1.3832559999999985 50.927540000000015
-1.3832559999999985 50.92807400000002
-1.3832559999999985 50.92860800000002
-1.3832559999999985 50.92914200000002
-1.3832559999999985 50.92967600000002
-1.3832559999999985 50.930210000000024
-1.3832559999999985 50.930744000000026
-1.3832559999999985 50.93127800000003
-1.3832559999999985 50.93181200000003
-1.3832559999999985 50.93234600000003
-1.3832559999999985 50.93288000000003
-1.3832559999999985 50.933414000000035
-1.3832559999999985 50.933948000000036
-1.3832559999999985 50.93448200000004
-1.3832559999999985 50.93501600000004
-1.3832559999999985 50.93555000000004
-1.3832559999999985 50.936084000000044
-1.3832559999999985 50.936618000000045
-1.3832559999999985 50.93715200000005
-1.3832559999999985 50.93768600000005
-1.3832559999999985 50.93822000000005
-1.3832559999999985 50.93875400000005
-1.3832559999999985 50.939288000000055
-1.3832559999999985 50.939822000000056
-1.3832559999999985 50.94035600000006
-1.3832559999999985 50.94089000000006
-1.3832559999999985 50.94142400000006
-1.3832559999999985 50.941958000000064
-1.3832559999999985 50.942492000000065
-1.3832559999999985 50.94302600000007
-1.3832559999999985 50.94356000000007
-1.3832559999999985 50.94409400000007
-1.3832559999999985 50.94462800000007
-1.3832559999999985 50.945162000000074
-1.3832559999999985 50.945696000000076
-1.3832559999999985 50.94623000000008
-1.3832559999999985 50.94676400000008
-1.3832559999999985 50.94729800000008
-1.3832559999999985 50.94783200000008
-1.3832559999999985 50.948366000000085
-1.3823119999999984 50.9222
-1.3823119999999984 50.922734
-1.3823119999999984 50.923268
-1.3823119999999984 50.923802
-1.3823119999999984 50.924336000000004
-1.3823119999999984 50.924870000000006
-1.3823119999999984 50.92540400000001
-1.3823119999999984 50.92593800000001
-1.3823119999999984 50.92647200000001
-1.3823119999999984 50.92700600000001
-1.3823119999999984 50.927540000000015
-1.3823119999999984 50.92807400000002
-1.3823119999999984 50.92860800000002
-1.3823119999999984 50.92914200000002
-1.3823119999999984 50.92967600000002
-1.3823119999999984 50.930210000000024
-1.3823119999999984 50.930744000000026
-1.3823119999999984 50.93127800000003
-1.3823119999999984 50.93181200000003
-1.3823119999999984 50.93234600000003
-1.3823119999999984 50.93288000000003
-1.3823119999999984 50.933414000000035
-1.3823119999999984 50.933948000000036
-1.3823119999999984 50.93448200000004
-1.3823119999999984 50.93501600000004
-1.3823119999999984 50.93555000000004
-1.3823119999999984 50.936084000000044
-1.3823119999999984 50.936618000000045
-1.3823119999999984 50.93715200000005
-1.3823119999999984 50.93768600000005
-1.3823119999999984 50.93822000000005
-1.3823119999999984 50.93875400000005
-1.3823119999999984 50.939288000000055
-1.3823119999999984 50.939822000000056
-1.3823119999999984 50.94035600000006
-1.3823119999999984 50.94089000000006
-1.3823119999999984 50.94142400000006
-1.3823119999999984 50.941958000000064
-1.3823119999999984 50.942492000000065
-1.3823119999999984 50.94302600000007
-1.3823119999999984 50.94356000000007
-1.3823119999999984 50.94409400000007
-1.3823119999999984 50.94462800000007
-1.3823119999999984 50.945162000000074
-1.3823119999999984 50.945696000000076
-1.3823119999999984 50.94623000000008
-1.3823119999999984 50.94676400000008
-1.3823119999999984 50.94729800000008
-1.3823119999999984 50.94783200000008
-1.3823119999999984 50.948366000000085
-1.3813679999999984 50.9222
-1.3813679999999984 50.922734
-1.3813679999999984 50.923268
-1.3813679999999984 50.923802
-1.3813679999999984 50.924336000000004
-1.3813679999999984 50.924870000000006
-1.3813679999999984 50.92540400000001
-1.3813679999999984 50.92593800000001
-1.3813679999999984 50.92647200000001
-1.3813679999999984 50.92700600000001
-1.3813679999999984 50.927540000000015
-1.3813679999999984 50.92807400000002
-1.3813679999999984 50.92860800000002
-1.3813679999999984 50.92914200000002
-1.3813679999999984 50.92967600000002
-1.3813679999999984 50.930210000000024
-1.3813679999999984 50.930744000000026
-1.3813679999999984 50.93127800000003
-1.3813679999999984 50.93181200000003
-1.3813679999999984 50.93234600000003
-1.3813679999999984 50.93288000000003
-1.3813679999999984 50.933414000000035
-1.3813679999999984 50.933948000000036
-1.3813679999999984 50.93448200000004
-1.3813679999999984 50.93501600000004
-1.3813679999999984 50.93555000000004
-1.3813679999999984 50.936084000000044
-1.3813679999999984 50.936618000000045
-1.3813679999999984 50.93715200000005
-1.3813679999999984 50.93768600000005
-1.3813679999999984 50.93822000000005
-1.3813679999999984 50.93875400000005
-1.3813679999999984 50.939288000000055
-1.3813679999999984 50.939822000000056
-1.3813679999999984 50.94035600000006
-1.3813679999999984 50.94089000000006
-1.3813679999999984 50.94142400000006
-1.3813679999999984 50.941958000000064
-1.3813679999999984 50.942492000000065
-1.3813679999999984 50.94302600000007
-1.3813679999999984 50.94356000000007
-1.3813679999999984 50.94409400000007
-1.3813679999999984 50.94462800000007
-1.3813679999999984 50.945162000000074
-1.3813679999999984 50.945696000000076
-1.3813679999999984 50.94623000000008
-1.3813679999999984 50.94676400000008
-1.3813679999999984 50.94729800000008
-1.3813679999999984 50.94783200000008
-1.3813679999999984 50.948366000000085
-1.3804239999999983 50.9222
-1.3804239999999983 50.922734
-1.3804239999999983 50.923268
-1.3804239999999983 50.923802
-1.3804239999999983 50.924336000000004
-1.3804239999999983 50.924870000000006
-1.3804239999999983 50.92540400000001
-1.3804239999999983 50.92593800000001
-1.3804239999999983 50.92647200000001
-1.3804239999999983 50.92700600000001
-1.3804239999999983 50.927540000000015
-1.3804239999999983 50.92807400000002
-1.3804239999999983 50.92860800000002
-1.3804239999999983 50.92914200000002
-1.3804239999999983 50.92967600000002
-1.3804239999999983 50.930210000000024
-1.3804239999999983 50.930744000000026
-1.3804239999999983 50.93127800000003
-1.3804239999999983 50.93181200000003
-1.3804239999999983 50.93234600000003
-1.3804239999999983 50.93288000000003
-1.3804239999999983 50.933414000000035
-1.3804239999999983 50.933948000000036
-1.3804239999999983 50.93448200000004
-1.3804239999999983 50.93501600000004
-1.3804239999999983 50.93555000000004
-1.3804239999999983 50.936084000000044
-1.3804239999999983 50.936618000000045
-1.3804239999999983 50.93715200000005
-1.3804239999999983 50.93768600000005
-1.3804239999999983 50.93822000000005
-1.3804239999999983 50.93875400000005
-1.3804239999999983 50.939288000000055
-1.3804239999999983 50.939822000000056
-1.3804239999999983 50.94035600000006
-1.3804239999999983 50.94089000000006
-1.3804239999999983 50.94142400000006
-1.3804239999999983 50.941958000000064
-1.3804239999999983 50.942492000000065
-1.3804239999999983 50.94302600000007
-1.3804239999999983 50.94356000000007
-1.3804239999999983 50.94409400000007
-1.3804239999999983 50.94462800000007
-1.3804239999999983 50.945162000000074
-1.3804239999999983 50.945696000000076
-1.3804239999999983 50.94623000000008
-1.3804239999999983 50.94676400000008
-1.3804239999999983 50.94729800000008
-1.3804239999999983 50.94783200000008
-1.3804239999999983 50.948366000000085
-1.3794799999999983 50.9222
-1.3794799999999983 50.922734
-1.3794799999999983 50.923268
-1.3794799999999983 50.923802
-1.3794799999999983 50.924336000000004
-1.3794799999999983 50.924870000000006
-1.3794799999999983 50.92540400000001
-1.3794799999999983 50.92593800000001
-1.3794799999999983 50.92647200000001
-1.3794799999999983 50.92700600000001
-1.3794799999999983 50.927540000000015
-1.3794799999999983 50.92807400000002
-1.3794799999999983 50.92860800000002
-1.3794799999999983 50.92914200000002
-1.3794799999999983 50.92967600000002
-1.3794799999999983 50.930210000000024
-1.3794799999999983 50.930744000000026
-1.3794799999999983 50.93127800000003
-1.3794799999999983 50.93181200000003
-1.3794799999999983 50.93234600000003
-1.3794799999999983 50.93288000000003
-1.3794799999999983 50.933414000000035
-1.3794799999999983 50.933948000000036
-1.3794799999999983 50.93448200000004
-1.3794799999999983 50.93501600000004
-1.3794799999999983 50.93555000000004
-1.3794799999999983 50.936084000000044
-1.3794799999999983 50.936618000000045
-1.3794799999999983 50.93715200000005
-1.3794799999999983 50.93768600000005
-1.3794799999999983 50.93822000000005
-1.3794799999999983 50.93875400000005
-1.3794799999999983 50.939288000000055
-1.3794799999999983 50.939822000000056
-1.3794799999999983 50.94035600000006
-1.3794799999999983 50.94089000000006
-1.3794799999999983 50.94142400000006
-1.3794799999999983 50.941958000000064
-1.3794799999999983 50.942492000000065
-1.3794799999999983 50.94302600000007
-1.3794799999999983 50.94356000000007
-1.3794799999999983 50.94409400000007
-1.3794799999999983 50.94462800000007
-1.3794799999999983 50.945162000000074
-1.3794799999999983 50.945696000000076
-1.3794799999999983 50.94623000000008
-1.3794799999999983 50.94676400000008
-1.3794799999999983 50.94729800000008
-1.3794799999999983 50.94783200000008
-1.3794799999999983 50.948366000000085
-1.3785359999999982 50.9222
-1.3785359999999982 50.922734
-1.3785359999999982 50.923268
-1.3785359999999982 50.923802
-1.3785359999999982 50.924336000000004
-1.3785359999999982 50.924870000000006
-1.3785359999999982 50.92540400000001
-1.3785359999999982 50.92593800000001
-1.3785359999999982 50.92647200000001
-1.3785359999999982 50.92700600000001
-1.3785359999999982 50.927540000000015
-1.3785359999999982 50.92807400000002
-1.3785359999999982 50.92860800000002
-1.3785359999999982 50.92914200000002
-1.3785359999999982 50.92967600000002
-1.3785359999999982 50.930210000000024
-1.3785359999999982 50.930744000000026
-1.3785359999999982 50.93127800000003
-1.3785359999999982 50.93181200000003
-1.3785359999999982 50.93234600000003
-1.3785359999999982 50.93288000000003
-1.3785359999999982 50.933414000000035
-1.3785359999999982 50.933948000000036
-1.3785359999999982 50.93448200000004
-1.3785359999999982 50.93501600000004
-1.3785359999999982 50.93555000000004
-1.3785359999999982 50.936084000000044
-1.3785359999999982 50.936618000000045
-1.3785359999999982 50.93715200000005
-1.3785359999999982 50.93768600000005
-1.3785359999999982 50.93822000000005
-1.3785359999999982 50.93875400000005
-1.3785359999999982 50.939288000000055
-1.3785359999999982 50.939822000000056
-1.3785359999999982 50.94035600000006
-1.3785359999999982 50.94089000000006
-1.3785359999999982 50.94142400000006
-1.3785359999999982 50.941958000000064
-1.3785359999999982 50.942492000000065
-1.3785359999999982 50.94302600000007
-1.3785359999999982 50.94356000000007
-1.3785359999999982 50.94409400000007
-1.3785359999999982 50.94462800000007
-1.3785359999999982 50.945162000000074
-1.3785359999999982 50.945696000000076
-1.3785359999999982 50.94623000000008
-1.3785359999999982 50.94676400000008
-1.3785359999999982 50.94729800000008
-1.3785359999999982 50.94783200000008
-1.3785359999999982 50.948366000000085
-1.3775919999999982 50.9222
-1.3775919999999982 50.922734
-1.3775919999999982 50.923268
-1.3775919999999982 50.923802
-1.3775919999999982 50.924336000000004
-1.3775919999999982 50.924870000000006
-1.3775919999999982 50.92540400000001
-1.3775919999999982 50.92593800000001
-1.3775919999999982 50.92647200000001
-1.3775919999999982 50.92700600000001
-1.3775919999999982 50.927540000000015
-1.3775919999999982 50.92807400000002
-1.3775919999999982 50.92860800000002
-1.3775919999999982 50.92914200000002
-1.3775919999999982 50.92967600000002
-1.3775919999999982 50.930210000000024
-1.3775919999999982 50.930744000000026
-1.3775919999999982 50.93127800000003
-1.3775919999999982 50.93181200000003
-1.3775919999999982 50.93234600000003
-1.3775919999999982 50.93288000000003
-1.3775919999999982 50.933414000000035
-1.3775919999999982 50.933948000000036
-1.3775919999999982 50.93448200000004
-1.3775919999999982 50.93501600000004
-1.3775919999999982 50.93555000000004
-1.3775919999999982 50.936084000000044
-1.3775919999999982 50.936618000000045
-1.3775919999999982 50.93715200000005
-1.3775919999999982 50.93768600000005
-1.3775919999999982 50.93822000000005
-1.3775919999999982 50.93875400000005
-1.3775919999999982 50.939288000000055
-1.3775919999999982 50.939822000000056
-1.3775919999999982 50.94035600000006
-1.3775919999999982 50.94089000000006
-1.3775919999999982 50.94142400000006
-1.3775919999999982 50.941958000000064
-1.3775919999999982 50.942492000000065
-1.3775919999999982 50.94302600000007
-1.3775919999999982 50.94356000000007
-1.3775919999999982 50.94409400000007
-1.3775919999999982 50.94462800000007
-1.3775919999999982 50.945162000000074
-1.3775919999999982 50.945696000000076
-1.3775919999999982 50.94623000000008
-1.3775919999999982 50.94676400000008
-1.3775919999999982 50.94729800000008
-1.3775919999999982 50.94783200000008
-1.3775919999999982 50.948366000000085
-1.376647999999998 50.9222
-1.376647999999998 50.922734
-1.376647999999998 50.923268
-1.376647999999998 50.923802
-1.376647999999998 50.924336000000004
-1.376647999999998 50.924870000000006
-1.376647999999998 50.92540400000001
-1.376647999999998 50.92593800000001
-1.376647999999998 50.92647200000001
-1.376647999999998 50.92700600000001
-1.376647999999998 50.927540000000015
-1.376647999999998 50.92807400000002
-1.376647999999998 50.92860800000002
-1.376647999999998 50.92914200000002
-1.376647999999998 50.92967600000002
-1.376647999999998 50.930210000000024
-1.376647999999998 50.930744000000026
-1.376647999999998 50.93127800000003
-1.376647999999998 50.93181200000003
-1.376647999999998 50.93234600000003
-1.376647999999998 50.93288000000003
-1.376647999999998 50.933414000000035
-1.376647999999998 50.933948000000036
-1.376647999999998 50.93448200000004
-1.376647999999998 50.93501600000004
-1.376647999999998 50.93555000000004
-1.376647999999998 50.936084000000044
-1.376647999999998 50.936618000000045
-1.376647999999998 50.93715200000005
-1.376647999999998 50.93768600000005
-1.376647999999998 50.93822000000005
-1.376647999999998 50.93875400000005
-1.376647999999998 50.939288000000055
-1.376647999999998 50.939822000000056
-1.376647999999998 50.94035600000006
-1.376647999999998 50.94089000000006
-1.376647999999998 50.94142400000006
-1.376647999999998 50.941958000000064
-1.376647999999998 50.942492000000065
-1.376647999999998 50.94302600000007
-1.376647999999998 50.94356000000007
-1.376647999999998 50.94409400000007
-1.376647999999998 50.94462800000007
-1.376647999999998 50.945162000000074
-1.376647999999998 50.945696000000076
-1.376647999999998 50.94623000000008
-1.376647999999998 50.94676400000008
-1.376647999999998 50.94729800000008
-1.376647999999998 50.94783200000008
-1.376647999999998 50.948366000000085
-1.375703999999998 50.9222
-1.375703999999998 50.922734
-1.375703999999998 50.923268
-1.375703999999998 50.923802
-1.375703999999998 50.924336000000004
-1.375703999999998 50.924870000000006
-1.375703999999998 50.92540400000001
-1.375703999999998 50.92593800000001
-1.375703999999998 50.92647200000001
-1.375703999999998 50.92700600000001
-1.375703999999998 50.927540000000015
-1.375703999999998 50.92807400000002
-1.375703999999998 50.92860800000002
-1.375703999999998 50.92914200000002
-1.375703999999998 50.92967600000002
-1.375703999999998 50.930210000000024
-1.375703999999998 50.930744000000026
-1.375703999999998 50.93127800000003
-1.375703999999998 50.93181200000003
-1.375703999999998 50.93234600000003
-1.375703999999998 50.93288000000003
-1.375703999999998 50.933414000000035
-1.375703999999998 50.933948000000036
-1.375703999999998 50.93448200000004
-1.375703999999998 50.93501600000004
-1.375703999999998 50.93555000000004
-1.375703999999998 50.936084000000044
-1.375703999999998 50.936618000000045
-1.375703999999998 50.93715200000005
-1.375703999999998 50.93768600000005
-1.375703999999998 50.93822000000005
-1.375703999999998 50.93875400000005
-1.375703999999998 50.939288000000055
-1.375703999999998 50.939822000000056
-1.375703999999998 50.94035600000006
-1.375703999999998 50.94089000000006
-1.375703999999998 50.94142400000006
-1.375703999999998 50.941958000000064
-1.375703999999998 50.942492000000065
-1.375703999999998 50.94302600000007
-1.375703999999998 50.94356000000007
-1.375703999999998 50.94409400000007
-1.375703999999998 50.94462800000007
-1.375703999999998 50.945162000000074
-1.375703999999998 50.945696000000076
-1.375703999999998 50.94623000000008
-1.375703999999998 50.94676400000008
-1.375703999999998 50.94729800000008
-1.375703999999998 50.94783200000008
-1.375703999999998 50.948366000000085
-1.374759999999998 50.9222
-1.374759999999998 50.922734
-1.374759999999998 50.923268
-1.374759999999998 50.923802
-1.374759999999998 50.924336000000004
-1.374759999999998 50.924870000000006
-1.374759999999998 50.92540400000001
-1.374759999999998 50.92593800000001
-1.374759999999998 50.92647200000001
-1.374759999999998 50.92700600000001
-1.374759999999998 50.927540000000015
-1.374759999999998 50.92807400000002
-1.374759999999998 50.92860800000002
-1.374759999999998 50.92914200000002
-1.374759999999998 50.92967600000002
-1.374759999999998 50.930210000000024
-1.374759999999998 50.930744000000026
-1.374759999999998 50.93127800000003
-1.374759999999998 50.93181200000003
-1.374759999999998 50.93234600000003
-1.374759999999998 50.93288000000003
-1.374759999999998 50.933414000000035
-1.374759999999998 50.933948000000036
-1.374759999999998 50.93448200000004
-1.374759999999998 50.93501600000004
-1.374759999999998 50.93555000000004
-1.374759999999998 50.936084000000044
-1.374759999999998 50.936618000000045
-1.374759999999998 50.93715200000005
-1.374759999999998 50.93768600000005
-1.374759999999998 50.93822000000005
-1.374759999999998 50.93875400000005
-1.374759999999998 50.939288000000055
-1.374759999999998 50.939822000000056
-1.374759999999998 50.94035600000006
-1.374759999999998 50.94089000000006
-1.374759999999998 50.94142400000006
-1.374759999999998 50.941958000000064
-1.374759999999998 50.942492000000065
-1.374759999999998 50.94302600000007
-1.374759999999998 50.94356000000007
-1.374759999999998 50.94409400000007
-1.374759999999998 50.94462800000007
-1.374759999999998 50.945162000000074
-1.374759999999998 50.945696000000076
-1.374759999999998 50.94623000000008
-1.374759999999998 50.94676400000008
-1.374759999999998 50.94729800000008
-1.374759999999998 50.94783200000008
-1.374759999999998 50.948366000000085
-1.373815999999998 50.9222
-1.373815999999998 50.922734
-1.373815999999998 50.923268
-1.373815999999998 50.923802
-1.373815999999998 50.924336000000004
-1.373815999999998 50.924870000000006
-1.373815999999998 50.92540400000001
-1.373815999999998 50.92593800000001
-1.373815999999998 50.92647200000001
-1.373815999999998 50.92700600000001
-1.373815999999998 50.927540000000015
-1.373815999999998 50.92807400000002
-1.373815999999998 50.92860800000002
-1.373815999999998 50.92914200000002
-1.373815999999998 50.92967600000002
-1.373815999999998 50.930210000000024
-1.373815999999998 50.930744000000026
-1.373815999999998 50.93127800000003
-1.373815999999998 50.93181200000003
-1.373815999999998 50.93234600000003
-1.373815999999998 50.93288000000003
-1.373815999999998 50.933414000000035
-1.373815999999998 50.933948000000036
-1.373815999999998 50.93448200000004
-1.373815999999998 50.93501600000004
-1.373815999999998 50.93555000000004
-1.373815999999998 50.936084000000044
-1.373815999999998 50.936618000000045
-1.373815999999998 50.93715200000005
-1.373815999999998 50.93768600000005
-1.373815999999998 50.93822000000005
-1.373815999999998 50.93875400000005
-1.373815999999998 50.939288000000055
-1.373815999999998 50.939822000000056
-1.373815999999998 50.94035600000006
-1.373815999999998 50.94089000000006
-1.373815999999998 50.94142400000006
-1.373815999999998 50.941958000000064
-1.373815999999998 50.942492000000065
-1.373815999999998 50.94302600000007
-1.373815999999998 50.94356000000007
-1.373815999999998 50.94409400000007
-1.373815999999998 50.94462800000007
-1.373815999999998 50.945162000000074
-1.373815999999998 50.945696000000076
-1.373815999999998 50.94623000000008
-1.373815999999998 50.94676400000008
-1.373815999999998 50.94729800000008
-1.373815999999998 50.94783200000008
-1.373815999999998 50.948366000000085
-1.3728719999999979 50.9222
-1.3728719999999979 50.922734
-1.3728719999999979 50.923268
-1.3728719999999979 50.923802
-1.3728719999999979 50.924336000000004
-1.3728719999999979 50.924870000000006
-1.3728719999999979 50.92540400000001
-1.3728719999999979 50.92593800000001
-1.3728719999999979 50.92647200000001
-1.3728719999999979 50.92700600000001
-1.3728719999999979 50.927540000000015
-1.3728719999999979 50.92807400000002
-1.3728719999999979 50.92860800000002
-1.3728719999999979 50.92914200000002
-1.3728719999999979 50.92967600000002
-1.3728719999999979 50.930210000000024
-1.3728719999999979 50.930744000000026
-1.3728719999999979 50.93127800000003
-1.3728719999999979 50.93181200000003
-1.3728719999999979 50.93234600000003
-1.3728719999999979 50.93288000000003
-1.3728719999999979 50.933414000000035
-1.3728719999999979 50.933948000000036
-1.3728719999999979 50.93448200000004
-1.3728719999999979 50.93501600000004
-1.3728719999999979 50.93555000000004
-1.3728719999999979 50.936084000000044
-1.3728719999999979 50.936618000000045
-1.3728719999999979 50.93715200000005
-1.3728719999999979 50.93768600000005
-1.3728719999999979 50.93822000000005
-1.3728719999999979 50.93875400000005
-1.3728719999999979 50.939288000000055
-1.3728719999999979 50.939822000000056
-1.3728719999999979 50.94035600000006
-1.3728719999999979 50.94089000000006
-1.3728719999999979 50.94142400000006
-1.3728719999999979 50.941958000000064
-1.3728719999999979 50.942492000000065
-1.3728719999999979 50.94302600000007
-1.3728719999999979 50.94356000000007
-1.3728719999999979 50.94409400000007
-1.3728719999999979 50.94462800000007
-1.3728719999999979 50.945162000000074
-1.3728719999999979 50.945696000000076
-1.3728719999999979 50.94623000000008
-1.3728719999999979 50.94676400000008
-1.3728719999999979 50.94729800000008
-1.3728719999999979 50.94783200000008
-1.3728719999999979 50.948366000000085
-1.3719279999999978 50.9222
-1.3719279999999978 50.922734
-1.3719279999999978 50.923268
-1.3719279999999978 50.923802
-1.3719279999999978 50.924336000000004
-1.3719279999999978 50.924870000000006
-1.3719279999999978 50.92540400000001
-1.3719279999999978 50.92593800000001
-1.3719279999999978 50.92647200000001
-1.3719279999999978 50.92700600000001
-1.3719279999999978 50.927540000000015
-1.3719279999999978 50.92807400000002
-1.3719279999999978 50.92860800000002
-1.3719279999999978 50.92914200000002
-1.3719279999999978 50.92967600000002
-1.3719279999999978 50.930210000000024
-1.3719279999999978 50.930744000000026
-1.3719279999999978 50.93127800000003
-1.3719279999999978 50.93181200000003
-1.3719279999999978 50.93234600000003
-1.3719279999999978 50.93288000000003
-1.3719279999999978 50.933414000000035
-1.3719279999999978 50.933948000000036
-1.3719279999999978 50.93448200000004
-1.3719279999999978 50.93501600000004
-1.3719279999999978 50.93555000000004
-1.3719279999999978 50.936084000000044
-1.3719279999999978 50.936618000000045
-1.3719279999999978 50.93715200000005
-1.3719279999999978 50.93768600000005
-1.3719279999999978 50.93822000000005
-1.3719279999999978 50.93875400000005
-1.3719279999999978 50.939288000000055
-1.3719279999999978 50.939822000000056
-1.3719279999999978 50.94035600000006
-1.3719279999999978 50.94089000000006
-1.3719279999999978 50.94142400000006
-1.3719279999999978 50.941958000000064
-1.3719279999999978 50.942492000000065
-1.3719279999999978 50.94302600000007
-1.3719279999999978 50.94356000000007
-1.3719279999999978 50.94409400000007
-1.3719279999999978 50.94462800000007
-1.3719279999999978 50.945162000000074
-1.3719279999999978 50.945696000000076
-1.3719279999999978 50.94623000000008
-1.3719279999999978 50.94676400000008
-1.3719279999999978 50.94729800000008
-1.3719279999999978 50.94783200000008
-1.3719279999999978 50.948366000000085
-1.3709839999999978 50.9222
-1.3709839999999978 50.922734
-1.3709839999999978 50.923268
-1.3709839999999978 50.923802
-1.3709839999999978 50.924336000000004
-1.3709839999999978 50.924870000000006
-1.3709839999999978 50.92540400000001
-1.3709839999999978 50.92593800000001
-1.3709839999999978 50.92647200000001
-1.3709839999999978 50.92700600000001
-1.3709839999999978 50.927540000000015
-1.3709839999999978 50.92807400000002
-1.3709839999999978 50.92860800000002
-1.3709839999999978 50.92914200000002
-1.3709839999999978 50.92967600000002
-1.3709839999999978 50.930210000000024
-1.3709839999999978 50.930744000000026
-1.3709839999999978 50.93127800000003
-1.3709839999999978 50.93181200000003
-1.3709839999999978 50.93234600000003
-1.3709839999999978 50.93288000000003
-1.3709839999999978 50.933414000000035
-1.3709839999999978 50.933948000000036
-1.3709839999999978 50.93448200000004
-1.3709839999999978 50.93501600000004
-1.3709839999999978 50.93555000000004
-1.3709839999999978 50.936084000000044
-1.3709839999999978 50.936618000000045
-1.3709839999999978 50.93715200000005
-1.3709839999999978 50.93768600000005
-1.3709839999999978 50.93822000000005
-1.3709839999999978 50.93875400000005
-1.3709839999999978 50.939288000000055
-1.3709839999999978 50.939822000000056
-1.3709839999999978 50.94035600000006
-1.3709839999999978 50.94089000000006
-1.3709839999999978 50.94142400000006
-1.3709839999999978 50.941958000000064
-1.3709839999999978 50.942492000000065
-1.3709839999999978 50.94302600000007
-1.3709839999999978 50.94356000000007
-1.3709839999999978 50.94409400000007
-1.3709839999999978 50.94462800000007
-1.3709839999999978 50.945162000000074
-1.3709839999999978 50.945696000000076
-1.3709839999999978 50.94623000000008
-1.3709839999999978 50.94676400000008
-1.3709839999999978 50.94729800000008
-1.3709839999999978 50.94783200000008
-1.3709839999999978 50.948366000000085
-1.3700399999999977 50.9222
-1.3700399999999977 50.922734
-1.3700399999999977 50.923268
-1.3700399999999977 50.923802
-1.3700399999999977 50.924336000000004
-1.3700399999999977 50.924870000000006
-1.3700399999999977 50.92540400000001
-1.3700399999999977 50.92593800000001
-1.3700399999999977 50.92647200000001
-1.3700399999999977 50.92700600000001
-1.3700399999999977 50.927540000000015
-1.3700399999999977 50.92807400000002
-1.3700399999999977 50.92860800000002
-1.3700399999999977 50.92914200000002
-1.3700399999999977 50.92967600000002
-1.3700399999999977 50.930210000000024
-1.3700399999999977 50.930744000000026
-1.3700399999999977 50.93127800000003
-1.3700399999999977 50.93181200000003
-1.3700399999999977 50.93234600000003
-1.3700399999999977 50.93288000000003
-1.3700399999999977 50.933414000000035
-1.3700399999999977 50.933948000000036
-1.3700399999999977 50.93448200000004
-1.3700399999999977 50.93501600000004
-1.3700399999999977 50.93555000000004
-1.3700399999999977 50.936084000000044
-1.3700399999999977 50.936618000000045
-1.3700399999999977 50.93715200000005
-1.3700399999999977 50.93768600000005
-1.3700399999999977 50.93822000000005
-1.3700399999999977 50.93875400000005
-1.3700399999999977 50.939288000000055
-1.3700399999999977 50.939822000000056
-1.3700399999999977 50.94035600000006
-1.3700399999999977 50.94089000000006
-1.3700399999999977 50.94142400000006
-1.3700399999999977 50.941958000000064
-1.3700399999999977 50.942492000000065
-1.3700399999999977 50.94302600000007
-1.3700399999999977 50.94356000000007
-1.3700399999999977 50.94409400000007
-1.3700399999999977 50.94462800000007
-1.3700399999999977 50.945162000000074
-1.3700399999999977 50.945696000000076
-1.3700399999999977 50.94623000000008
-1.3700399999999977 50.94676400000008
-1.3700399999999977 50.94729800000008
-1.3700399999999977 50.94783200000008
-1.3700399999999977 50.948366000000085
-1.3690959999999976 50.9222
-1.3690959999999976 50.922734
-1.3690959999999976 50.923268
-1.3690959999999976 50.923802
-1.3690959999999976 50.924336000000004
-1.3690959999999976 50.924870000000006
-1.3690959999999976 50.92540400000001
-1.3690959999999976 50.92593800000001
-1.3690959999999976 50.92647200000001
-1.3690959999999976 50.92700600000001
-1.3690959999999976 50.927540000000015
-1.3690959999999976 50.92807400000002
-1.3690959999999976 50.92860800000002
-1.3690959999999976 50.92914200000002
-1.3690959999999976 50.92967600000002
-1.3690959999999976 50.930210000000024
-1.3690959999999976 50.930744000000026
-1.3690959999999976 50.93127800000003
-1.3690959999999976 50.93181200000003
-1.3690959999999976 50.93234600000003
-1.3690959999999976 50.93288000000003
-1.3690959999999976 50.933414000000035
-1.3690959999999976 50.933948000000036
-1.3690959999999976 50.93448200000004
-1.3690959999999976 50.93501600000004
-1.3690959999999976 50.93555000000004
-1.3690959999999976 50.936084000000044
-1.3690959999999976 50.936618000000045
-1.3690959999999976 50.93715200000005
-1.3690959999999976 50.93768600000005
-1.3690959999999976 50.93822000000005
-1.3690959999999976 50.93875400000005
-1.3690959999999976 50.939288000000055
-1.3690959999999976 50.939822000000056
-1.3690959999999976 50.94035600000006
-1.3690959999999976 50.94089000000006
-1.3690959999999976 50.94142400000006
-1.3690959999999976 50.941958000000064
-1.3690959999999976 50.942492000000065
-1.3690959999999976 50.94302600000007
-1.3690959999999976 50.94356000000007
-1.3690959999999976 50.94409400000007
-1.3690959999999976 50.94462800000007
-1.3690959999999976 50.945162000000074
-1.3690959999999976 50.945696000000076
-1.3690959999999976 50.94623000000008
-1.3690959999999976 50.94676400000008
-1.3690959999999976 50.94729800000008
-1.3690959999999976 50.94783200000008
-1.3690959999999976 50.948366000000085
-1.3681519999999976 50.9222
-1.3681519999999976 50.922734
-1.3681519999999976 50.923268
-1.3681519999999976 50.923802
-1.3681519999999976 50.924336000000004
-1.3681519999999976 50.924870000000006
-1.3681519999999976 50.92540400000001
-1.3681519999999976 50.92593800000001
-1.3681519999999976 50.92647200000001
-1.3681519999999976 50.92700600000001
-1.3681519999999976 50.927540000000015
-1.3681519999999976 50.92807400000002
-1.3681519999999976 50.92860800000002
-1.3681519999999976 50.92914200000002
-1.3681519999999976 50.92967600000002
-1.3681519999999976 50.930210000000024
-1.3681519999999976 50.930744000000026
-1.3681519999999976 50.93127800000003
-1.3681519999999976 50.93181200000003
-1.3681519999999976 50.93234600000003
-1.3681519999999976 50.93288000000003
-1.3681519999999976 50.933414000000035
-1.3681519999999976 50.933948000000036
-1.3681519999999976 50.93448200000004
-1.3681519999999976 50.93501600000004
-1.3681519999999976 50.93555000000004
-1.3681519999999976 50.936084000000044
-1.3681519999999976 50.936618000000045
-1.3681519999999976 50.93715200000005
-1.3681519999999976 50.93768600000005
-1.3681519999999976 50.93822000000005
-1.3681519999999976 50.93875400000005
-1.3681519999999976 50.939288000000055
-1.3681519999999976 50.939822000000056
-1.3681519999999976 50.94035600000006
-1.3681519999999976 50.94089000000006
-1.3681519999999976 50.94142400000006
-1.3681519999999976 50.941958000000064
-1.3681519999999976 50.942492000000065
-1.3681519999999976 50.94302600000007
-1.3681519999999976 50.94356000000007
-1.3681519999999976 50.94409400000007
-1.3681519999999976 50.94462800000007
-1.3681519999999976 50.945162000000074
-1.3681519999999976 50.945696000000076
-1.3681519999999976 50.94623000000008
-1.3681519999999976 50.94676400000008
-1.3681519999999976 50.94729800000008
-1.3681519999999976 50.94783200000008
-1.3681519999999976 50.948366000000085
-1.3672079999999975 50.9222
-1.3672079999999975 50.922734
-1.3672079999999975 50.923268
-1.3672079999999975 50.923802
-1.3672079999999975 50.924336000000004
-1.3672079999999975 50.924870000000006
-1.3672079999999975 50.92540400000001
-1.3672079999999975 50.92593800000001
-1.3672079999999975 50.92647200000001
-1.3672079999999975 50.92700600000001
-1.3672079999999975 50.927540000000015
-1.3672079999999975 50.92807400000002
-1.3672079999999975 50.92860800000002
-1.3672079999999975 50.92914200000002
-1.3672079999999975 50.92967600000002
-1.3672079999999975 50.930210000000024
-1.3672079999999975 50.930744000000026
-1.3672079999999975 50.93127800000003
-1.3672079999999975 50.93181200000003
-1.3672079999999975 50.93234600000003
-1.3672079999999975 50.93288000000003
-1.3672079999999975 50.933414000000035
-1.3672079999999975 50.933948000000036
-1.3672079999999975 50.93448200000004
-1.3672079999999975 50.93501600000004
-1.3672079999999975 50.93555000000004
-1.3672079999999975 50.936084000000044
-1.3672079999999975 50.936618000000045
-1.3672079999999975 50.93715200000005
-1.3672079999999975 50.93768600000005
-1.3672079999999975 50.93822000000005
-1.3672079999999975 50.93875400000005
-1.3672079999999975 50.939288000000055
-1.3672079999999975 50.939822000000056
-1.3672079999999975 50.94035600000006
-1.3672079999999975 50.94089000000006
-1.3672079999999975 50.94142400000006
-1.3672079999999975 50.941958000000064
-1.3672079999999975 50.942492000000065
-1.3672079999999975 50.94302600000007
-1.3672079999999975 50.94356000000007
-1.3672079999999975 50.94409400000007
-1.3672079999999975 50.94462800000007
-1.3672079999999975 50.945162000000074
-1.3672079999999975 50.945696000000076
-1.3672079999999975 50.94623000000008
-1.3672079999999975 50.94676400000008
-1.3672079999999975 50.94729800000008
-1.3672079999999975 50.94783200000008
-1.3672079999999975 50.948366000000085
-1.3662639999999975 50.9222
-1.3662639999999975 50.922734
-1.3662639999999975 50.923268
-1.3662639999999975 50.923802
-1.3662639999999975 50.924336000000004
-1.3662639999999975 50.924870000000006
-1.3662639999999975 50.92540400000001
-1.3662639999999975 50.92593800000001
-1.3662639999999975 50.92647200000001
-1.3662639999999975 50.92700600000001
-1.3662639999999975 50.927540000000015
-1.3662639999999975 50.92807400000002
-1.3662639999999975 50.92860800000002
-1.3662639999999975 50.92914200000002
-1.3662639999999975 50.92967600000002
-1.3662639999999975 50.930210000000024
-1.3662639999999975 50.930744000000026
-1.3662639999999975 50.93127800000003
-1.3662639999999975 50.93181200000003
-1.3662639999999975 50.93234600000003
-1.3662639999999975 50.93288000000003
-1.3662639999999975 50.933414000000035
-1.3662639999999975 50.933948000000036
-1.3662639999999975 50.93448200000004
-1.3662639999999975 50.93501600000004
-1.3662639999999975 50.93555000000004
-1.3662639999999975 50.936084000000044
-1.3662639999999975 50.936618000000045
-1.3662639999999975 50.93715200000005
-1.3662639999999975 50.93768600000005
-1.3662639999999975 50.93822000000005
-1.3662639999999975 50.93875400000005
-1.3662639999999975 50.939288000000055
-1.3662639999999975 50.939822000000056
-1.3662639999999975 50.94035600000006
-1.3662639999999975 50.94089000000006
-1.3662639999999975 50.94142400000006
-1.3662639999999975 50.941958000000064
-1.3662639999999975 50.942492000000065
-1.3662639999999975 50.94302600000007
-1.3662639999999975 50.94356000000007
-1.3662639999999975 50.94409400000007
-1.3662639999999975 50.94462800000007
-1.3662639999999975 50.945162000000074
-1.3662639999999975 50.945696000000076
-1.3662639999999975 50.94623000000008
-1.3662639999999975 50.94676400000008
-1.3662639999999975 50.94729800000008
-1.3662639999999975 50.94783200000008
-1.3662639999999975 50.948366000000085
-1.3653199999999974 50.9222
-1.3653199999999974 50.922734
-1.3653199999999974 50.923268
-1.3653199999999974 50.923802
-1.3653199999999974 50.924336000000004
-1.3653199999999974 50.924870000000006
-1.3653199999999974 50.92540400000001
-1.3653199999999974 50.92593800000001
-1.3653199999999974 50.92647200000001
-1.3653199999999974 50.92700600000001
-1.3653199999999974 50.927540000000015
-1.3653199999999974 50.92807400000002
-1.3653199999999974 50.92860800000002
-1.3653199999999974 50.92914200000002
-1.3653199999999974 50.92967600000002
-1.3653199999999974 50.930210000000024
-1.3653199999999974 50.930744000000026
-1.3653199999999974 50.93127800000003
-1.3653199999999974 50.93181200000003
-1.3653199999999974 50.93234600000003
-1.3653199999999974 50.93288000000003
-1.3653199999999974 50.933414000000035
-1.3653199999999974 50.933948000000036
-1.3653199999999974 50.93448200000004
-1.3653199999999974 50.93501600000004
-1.3653199999999974 50.93555000000004
-1.3653199999999974 50.936084000000044
-1.3653199999999974 50.936618000000045
-1.3653199999999974 50.93715200000005
-1.3653199999999974 50.93768600000005
-1.3653199999999974 50.93822000000005
-1.3653199999999974 50.93875400000005
-1.3653199999999974 50.939288000000055
-1.3653199999999974 50.939822000000056
-1.3653199999999974 50.94035600000006
-1.3653199999999974 50.94089000000006
-1.3653199999999974 50.94142400000006
-1.3653199999999974 50.941958000000064
-1.3653199999999974 50.942492000000065
-1.3653199999999974 50.94302600000007
-1.3653199999999974 50.94356000000007
-1.3653199999999974 50.94409400000007
-1.3653199999999974 50.94462800000007
-1.3653199999999974 50.945162000000074
-1.3653199999999974 50.945696000000076
-1.3653199999999974 50.94623000000008
-1.3653199999999974 50.94676400000008
-1.3653199999999974 50.94729800000008
-1.3653199999999974 50.94783200000008
-1.3653199999999974 50.948366000000085
-1.3643759999999974 50.9222
-1.3643759999999974 50.922734
-1.3643759999999974 50.923268
-1.3643759999999974 50.923802
-1.3643759999999974 50.924336000000004
-1.3643759999999974 50.924870000000006
-1.3643759999999974 50.92540400000001
-1.3643759999999974 50.92593800000001
-1.3643759999999974 50.92647200000001
-1.3643759999999974 50.92700600000001
-1.3643759999999974 50.927540000000015
-1.3643759999999974 50.92807400000002
-1.3643759999999974 50.92860800000002
-1.3643759999999974 50.92914200000002
-1.3643759999999974 50.92967600000002
-1.3643759999999974 50.930210000000024
-1.3643759999999974 50.930744000000026
-1.3643759999999974 50.93127800000003
-1.3643759999999974 50.93181200000003
-1.3643759999999974 50.93234600000003
-1.3643759999999974 50.93288000000003
-1.3643759999999974 50.933414000000035
-1.3643759999999974 50.933948000000036
-1.3643759999999974 50.93448200000004
-1.3643759999999974 50.93501600000004
-1.3643759999999974 50.93555000000004
-1.3643759999999974 50.936084000000044
-1.3643759999999974 50.936618000000045
-1.3643759999999974 50.93715200000005
-1.3643759999999974 50.93768600000005
-1.3643759999999974 50.93822000000005
-1.3643759999999974 50.93875400000005
-1.3643759999999974 50.939288000000055
-1.3643759999999974 50.939822000000056
-1.3643759999999974 50.94035600000006
-1.3643759999999974 50.94089000000006
-1.3643759999999974 50.94142400000006
-1.3643759999999974 50.941958000000064
-1.3643759999999974 50.942492000000065
-1.3643759999999974 50.94302600000007
-1.3643759999999974 50.94356000000007
-1.3643759999999974 50.94409400000007
-1.3643759999999974 50.94462800000007
-1.3643759999999974 50.945162000000074
-1.3643759999999974 50.945696000000076
-1.3643759999999974 50.94623000000008
-1.3643759999999974 50.94676400000008
-1.3643759999999974 50.94729800000008
-1.3643759999999974 50.94783200000008
-1.3643759999999974 50.948366000000085
-1.3634319999999973 50.9222
-1.3634319999999973 50.922734
-1.3634319999999973 50.923268
-1.3634319999999973 50.923802
-1.3634319999999973 50.924336000000004
-1.3634319999999973 50.924870000000006
-1.3634319999999973 50.92540400000001
-1.3634319999999973 50.92593800000001
-1.3634319999999973 50.92647200000001
-1.3634319999999973 50.92700600000001
-1.3634319999999973 50.927540000000015
-1.3634319999999973 50.92807400000002
-1.3634319999999973 50.92860800000002
-1.3634319999999973 50.92914200000002
-1.3634319999999973 50.92967600000002
-1.3634319999999973 50.930210000000024
-1.3634319999999973 50.930744000000026
-1.3634319999999973 50.93127800000003
-1.3634319999999973 50.93181200000003
-1.3634319999999973 50.93234600000003
-1.3634319999999973 50.93288000000003
-1.3634319999999973 50.933414000000035
-1.3634319999999973 50.933948000000036
-1.3634319999999973 50.93448200000004
-1.3634319999999973 50.93501600000004
-1.3634319999999973 50.93555000000004
-1.3634319999999973 50.936084000000044
-1.3634319999999973 50.936618000000045
-1.3634319999999973 50.93715200000005
-1.3634319999999973 50.93768600000005
-1.3634319999999973 50.93822000000005
-1.3634319999999973 50.93875400000005
-1.3634319999999973 50.939288000000055
-1.3634319999999973 50.939822000000056
-1.3634319999999973 50.94035600000006
-1.3634319999999973 50.94089000000006
-1.3634319999999973 50.94142400000006
-1.3634319999999973 50.941958000000064
-1.3634319999999973 50.942492000000065
-1.3634319999999973 50.94302600000007
-1.3634319999999973 50.94356000000007
-1.3634319999999973 50.94409400000007
-1.3634319999999973 50.94462800000007
-1.3634319999999973 50.945162000000074
-1.3634319999999973 50.945696000000076
-1.3634319999999973 50.94623000000008
-1.3634319999999973 50.94676400000008
-1.3634319999999973 50.94729800000008
-1.3634319999999973 50.94783200000008
-1.3634319999999973 50.948366000000085
-1.3624879999999973 50.9222
-1.3624879999999973 50.922734
-1.3624879999999973 50.923268
-1.3624879999999973 50.923802
-1.3624879999999973 50.924336000000004
-1.3624879999999973 50.924870000000006
-1.3624879999999973 50.92540400000001
-1.3624879999999973 50.92593800000001
-1.3624879999999973 50.92647200000001
-1.3624879999999973 50.92700600000001
-1.3624879999999973 50.927540000000015
-1.3624879999999973 50.92807400000002
-1.3624879999999973 50.92860800000002
-1.3624879999999973 50.92914200000002
-1.3624879999999973 50.92967600000002
-1.3624879999999973 50.930210000000024
-1.3624879999999973 50.930744000000026
-1.3624879999999973 50.93127800000003
-1.3624879999999973 50.93181200000003
-1.3624879999999973 50.93234600000003
-1.3624879999999973 50.93288000000003
-1.3624879999999973 50.933414000000035
-1.3624879999999973 50.933948000000036
-1.3624879999999973 50.93448200000004
-1.3624879999999973 50.93501600000004
-1.3624879999999973 50.93555000000004
-1.3624879999999973 50.936084000000044
-1.3624879999999973 50.936618000000045
-1.3624879999999973 50.93715200000005
-1.3624879999999973 50.93768600000005
-1.3624879999999973 50.93822000000005
-1.3624879999999973 50.93875400000005
-1.3624879999999973 50.939288000000055
-1.3624879999999973 50.939822000000056
-1.3624879999999973 50.94035600000006
-1.3624879999999973 50.94089000000006
-1.3624879999999973 50.94142400000006
-1.3624879999999973 50.941958000000064
-1.3624879999999973 50.942492000000065
-1.3624879999999973 50.94302600000007
-1.3624879999999973 50.94356000000007
-1.3624879999999973 50.94409400000007
-1.3624879999999973 50.94462800000007
-1.3624879999999973 50.945162000000074
-1.3624879999999973 50.945696000000076
-1.3624879999999973 50.94623000000008
-1.3624879999999973 50.94676400000008
-1.3624879999999973 50.94729800000008
-1.3624879999999973 50.94783200000008
-1.3624879999999973 50.948366000000085
-1.3615439999999972 50.9222
-1.3615439999999972 50.922734
-1.3615439999999972 50.923268
-1.3615439999999972 50.923802
-1.3615439999999972 50.924336000000004
-1.3615439999999972 50.924870000000006
-1.3615439999999972 50.92540400000001
-1.3615439999999972 50.92593800000001
-1.3615439999999972 50.92647200000001
-1.3615439999999972 50.92700600000001
-1.3615439999999972 50.927540000000015
-1.3615439999999972 50.92807400000002
-1.3615439999999972 50.92860800000002
-1.3615439999999972 50.92914200000002
-1.3615439999999972 50.92967600000002
-1.3615439999999972 50.930210000000024
-1.3615439999999972 50.930744000000026
-1.3615439999999972 50.93127800000003
-1.3615439999999972 50.93181200000003
-1.3615439999999972 50.93234600000003
-1.3615439999999972 50.93288000000003
-1.3615439999999972 50.933414000000035
-1.3615439999999972 50.933948000000036
-1.3615439999999972 50.93448200000004
-1.3615439999999972 50.93501600000004
-1.3615439999999972 50.93555000000004
-1.3615439999999972 50.936084000000044
-1.3615439999999972 50.936618000000045
-1.3615439999999972 50.93715200000005
-1.3615439999999972 50.93768600000005
-1.3615439999999972 50.93822000000005
-1.3615439999999972 50.93875400000005
-1.3615439999999972 50.939288000000055
-1.3615439999999972 50.939822000000056
-1.3615439999999972 50.94035600000006
-1.3615439999999972 50.94089000000006
-1.3615439999999972 50.94142400000006
-1.3615439999999972 50.941958000000064
-1.3615439999999972 50.942492000000065
-1.3615439999999972 50.94302600000007
-1.3615439999999972 50.94356000000007
-1.3615439999999972 50.94409400000007
-1.3615439999999972 50.94462800000007
-1.3615439999999972 50.945162000000074
-1.3615439999999972 50.945696000000076
-1.3615439999999972 50.94623000000008
-1.3615439999999972 50.94676400000008
-1.3615439999999972 50.94729800000008
-1.3615439999999972 50.94783200000008
-1.3615439999999972 50.948366000000085
